pacific_node={
	location=5239
	outgoing={
		name="lower_peru_node"
		path={
			1840 1814 1811 1805 1646 
		}
		control={
			222.000000 1020.000000 447.000000 1001.000000 639.000000 981.000000 814.000000 965.000000 969.000000 960.000000 1103.000000 966.000000 1156.000000 977.000000 1203.000000 988.000000 1219.000000 983.000000 1247.000000 965.000000 1297.000000 944.000000 1354.000000 914.000000 1397.000000 871.000000 
		}
	}
	outgoing={
		name="australia_node"
		path={
			1827 2009 1766 2006 2007 
		}
		control={
			163.000000 1020.000000 95.000000 988.000000 5654.009766 955.289978 5562.000000 895.000000 5495.270020 827.619995 5437.000000 754.000000 5424.000000 744.000000 5413.000000 733.000000 5404.000000 730.000000 5357.000000 705.000000 5315.000000 684.000000 5264.000000 658.000000 5250.000000 649.000000 5235.000000 651.000000 5197.000000 625.000000 5121.000000 549.000000 5047.000000 497.000000 
		}
	}
	members={
		513 506 1097 1230 1231 1232 1233 1235 1240 1241 1243 1244 1246 1341 2151 2527 2587 2608 4012 4013 4014 5234 5235 5236 5237 5238 5239 
	}
}
australia_node={
	location=2128
	outgoing={
		name="jakarta_node"
		path={
			2006 2001 2002 1948 
		}
		control={
			5031.000000 499.000000 5042.000000 545.000000 5037.000000 611.000000 4998.000000 651.000000 4984.000000 674.000000 4969.000000 689.000000 4922.000000 735.000000 4912.000000 772.000000 4882.000000 809.000000 4869.000000 842.000000 4855.000000 859.000000 4842.000000 860.000000 4798.000000 872.000000 4754.000000 883.000000 4735.000000 896.000000 4725.000000 904.000000 4722.000000 929.000000 4679.000000 962.000000 4632.000000 969.000000 4625.000000 994.000000 4632.000000 1011.000000 4585.000000 995.000000 4577.000000 968.000000 4565.000000 942.000000 4552.000000 933.000000 4543.000000 927.000000 4513.000000 915.000000 4506.000000 918.000000 4494.000000 913.000000 4424.000000 936.000000 4424.000000 952.000000 4410.000000 942.000000 4359.000000 944.000000 4309.000000 922.000000 
		}
	}
	members={
		650 714 773 777 799 810 817 822 1084 1085 1086 1087 1088 1090 1091 1092 1093 1094 1106 1107 1108 1109 1234 1237 1236 1238 1239 1245 1249 1342 2088 2123 2126 2127 2128 2129 2130 2131 2132 2133 2134 2135 2136 2138 2139 2140 1242 2146 2585 2588 2589 2590 2610 3343 3344 2516 3345 3446 3448 3450 
	}
}
yangtze_delta_node={
	location=694
	color={
		152 85 92 
	}
	outgoing={
		name="guangzhou_node"
		path={
			694 1967 1966 1965 
		}
		control={
			4561.000000 1481.000000 4538.000000 1430.000000 4479.000000 1361.000000 
		}
	}
	outgoing={
		name="xian_node"
		path={
			694 2252 
		}
		control={
			4549.000000 1512.000000 4505.000000 1524.000000 4427.000000 1487.000000 
		}
	}
	members={
		680 684 686 687 688 689 690 691 692 693 694 695 696 701 712 1046 1068 1089 1172 2125 2141 2142 2144 2145 2147 2149 2150 2272 2472 2477 2478 2480 2484 2485 2490 2493 2494 2605 2606 2607 2613 3977 5476 5473 5474 5402 5403 5404 5392 5393 5395 5394 5405 5406 5475 5466 5467 5468 5465 5463 5462 5460 5459 5464 5432 5433 5434 5435 5425 5424 5426 5427 5428 5422 5423 5410 5411 5417 5409 5412 5414 5413 5416 5401 5400 5399 5398 5415 5408 5397 5407 5396 
	}
}
guangzhou_node={
	location=2121
	color={
		161 139 40 
	}
	outgoing={
		name="manila_node"
		path={
			1965 1988 1989 2216 
		}
		control={
			4413.000000 1369.000000 4429.000000 1326.000000 4482.000000 1281.000000 4504.000000 1246.000000 4513.000000 1236.000000 
		}
	}
	members={
		662 663 667 668 669 670 671 672 673 675 676 677 678 679 681 682 683 710 711 1053 1758 1760 2073 2078 2082 2085 2086 2117 2121 2250 2462 2464 2486 2488 5499 5498 5497 5442 5443 5444 5445 5456 5457 5431 5429 5436 5437 5440 5441 5438 5439 5430 5458 5420 5421 5419 5418 
	}
}
bankok_node={
	location=2306
	color={
		243 205 39 
	}
	outgoing={
		name="malacca_node"
		path={
			1959 594 2735 595 2830 3239 596 
		}
		control={
			4204.000000 1167.000000 4222.000000 1127.000000 4266.000000 1083.000000 4272.000000 1054.000000 4273.000000 1034.000000 4262.000000 1025.000000 4251.000000 1025.000000 4237.000000 1036.000000 
		}
	}
	members={
		408 589 592 593 600 601 602 603 604 605 608 609 611 612 614 615 2306 2319 2320 2321 2322 2417 2420 2421 2422 2668 2669 2670 2729 2732 2733 2734 2817 2818 2819 2820 2821 2825 2826 2827 2829 3219 3220 3223 3224 3225 3226 3227 3228 3232 3233 3313 3231 3908 3909 3930 3931 3932 3933 3934 3935 4050 4212 4213 4215 4217 5225 
	}
}
mogadishu_node={
	location=1206
	color={
		212 175 55 
	}
	inland=yes
	outgoing={
		name="kanem_node"
		path={
			3002 3321 4123 3319 1149 
		}
		control={
			3239.000000 1166.000000 3226.000000 1161.000000 3217.000000 1168.000000 3210.000000 1169.000000 3203.000000 1166.000000 3195.000000 1162.000000 3188.000000 1167.000000 3178.000000 1176.000000 3140.000000 1163.000000 3094.000000 1191.000000 3044.000000 1202.000000 3005.000000 1190.000000 2976.000000 1183.000000 2912.000000 1206.000000 2873.000000 1225.000000 
		}
	}
	outgoing={
		name="aden_node"
		path={
			3013 3006 1925 
		}
		control={
			3246.000000 1167.000000 3249.000000 1177.000000 3248.000000 1199.000000 3250.000000 1216.000000 3254.000000 1238.000000 3255.000000 1244.000000 3262.000000 1250.000000 3288.000000 1235.000000 3304.000000 1218.000000 3321.000000 1199.000000 
		}
	}
	outgoing={
		name="monomotapa_node"
		path={
			1206 3064 1196 4249 1183 
		}
		control={
			3238.000000 1149.000000 3244.000000 1140.000000 3236.000000 1115.000000 3224.000000 1092.000000 3213.000000 1086.000000 3203.000000 1082.000000 3196.000000 1076.000000 3193.000000 1044.000000 3176.000000 1012.000000 3152.000000 1015.000000 3129.000000 999.000000 3123.000000 969.000000 3108.000000 925.000000 3129.000000 874.000000 3124.000000 845.000000 3154.000000 823.000000 3145.000000 792.000000 3136.000000 766.000000 
		}
	}
	members={
		5160 3064 3020 1567 1568 3008 3066 3021 3063 1205 1206 3067 3019 1576 1207 3007 3045 1569 3065 1577 3011 3012 3013 3014 3018 1570 3017 3016 3010 3025 3024 3026 3023 1572 1209 2792 1573 1216 3002 3029 3001 3030 3692 3693 3694 3890 3891 3892 3028 3888 2666 2544 2660 3009 2951 2952 2503 3061 3058 3051 3022 3889 
	}
}
monomotapa_node={
	location=1183
	color={
		149 165 139 
	}
	inland=yes
	outgoing={
		name="zanzibar_node"
		path={
			1176 2035 2034 2027 2026 1187 
		}
		control={
			3140.000000 743.000000 3154.000000 744.000000 3164.000000 748.000000 3171.000000 744.000000 3183.000000 738.000000 3187.000000 730.000000 3196.000000 723.000000 3203.000000 716.000000 3204.000000 707.000000 3261.000000 723.000000 3286.000000 832.000000 3265.000000 897.000000 
		}
	}
	outgoing={
		name="kongo_node"
		path={
			4248 4249 4250 4261 4267 4268 2974 
		}
		control={
			3131.000000 749.000000 3123.000000 760.000000 3105.000000 762.000000 3090.000000 755.000000 3087.000000 746.000000 3073.000000 740.000000 3059.000000 723.000000 3048.000000 724.000000 3038.000000 726.000000 3025.000000 731.000000 3015.000000 731.000000 3003.000000 748.000000 3000.000000 758.000000 2997.000000 768.000000 3001.000000 783.000000 2997.000000 797.000000 2990.000000 814.000000 3011.000000 831.000000 3010.000000 866.000000 3012.000000 892.000000 3009.000000 917.000000 3011.000000 927.000000 3004.000000 930.000000 2999.000000 939.000000 2990.000000 944.000000 2987.000000 946.000000 2983.000000 944.000000 2977.000000 945.000000 2973.000000 943.000000 2968.000000 945.000000 2955.000000 939.000000 2948.000000 942.000000 2925.000000 952.000000 2901.000000 959.000000 2890.000000 958.000000 2885.000000 945.000000 2882.000000 943.000000 2880.000000 939.000000 2876.000000 941.000000 2873.000000 937.000000 2869.000000 932.000000 2858.000000 929.000000 2854.000000 923.000000 2849.000000 924.000000 2847.000000 915.000000 2838.000000 915.000000 
		}
	}
	members={
		1136 1150 1153 1174 1178 1183 1184 1189 1192 1193 1196 1204 1492 1507 1578 1579 1586 2968 2969 2970 2988 2989 2990 2991 2992 2993 4241 4242 4243 4244 4245 4246 4247 4248 4249 4250 4251 4252 4253 4254 4255 4256 4257 4258 4259 4260 4261 4262 4263 4264 4265 4266 4273 4274 4275 4276 4277 4278 4279 4280 4282 
	}
}
kanem_node={
	location=1221
	color={
		166 109 174 
	}
	inland=yes
	outgoing={
		name="cairo_node"
		path={
			2930 1147 1148 1212 361 
		}
		control={
			2855.000000 1242.000000 2853.000000 1277.000000 2863.000000 1324.000000 2904.000000 1399.000000 2969.000000 1404.000000 3040.000000 1467.000000 3106.000000 1487.000000 3126.000000 1483.000000 
		}
	}
	outgoing={
		name="tunis_node"
		path={
			2930 1147 1524 2937 2663 2315 2862 341 
		}
		control={
			2855.000000 1242.000000 2853.020020 1277.739990 2861.000000 1349.000000 2859.000000 1390.000000 2849.129883 1436.170044 2825.000000 1480.000000 2800.000000 1542.000000 2789.000000 1556.000000 2790.000000 1577.000000 
		}
	}
	outgoing={
		name="accra_node"
		path={
			1563 1554 1551 2788 1134 2044 
		}
		control={
			2863.000000 1225.000000 2880.000000 1213.000000 2852.000000 1193.000000 2824.000000 1189.000000 2817.000000 1177.000000 2817.000000 1167.000000 2822.000000 1166.000000 2825.500000 1156.589966 2822.000000 1157.000000 2812.000000 1153.000000 2804.000000 1146.000000 2797.000000 1143.000000 2795.000000 1138.000000 2776.000000 1129.000000 2756.000000 1132.000000 2743.000000 1130.000000 2741.000000 1118.000000 2740.000000 1113.000000 2741.000000 1106.000000 2737.000000 1088.000000 2732.000000 1079.000000 2728.000000 1070.000000 2716.000000 1075.000000 2697.000000 1096.000000 2659.000000 1093.000000 
		}
	}
	members={
		1132 1133 1137 1147 1149 1182 1215 1218 1219 1220 1221 1222 1223 1224 1225 1502 1545 1546 1551 1553 1554 1555 1556 1557 1559 1560 1563 2496 2500 2771 2777 2789 2794 2915 2924 2925 2926 2927 2930 2931 2945 2946 2947 2948 2949 2950 2953 3031 3316 3317 3318 3319 3320 3321 4123 1122 2895 1543 1524 2939 2316 2928 2929 2920 
	}
}
timbuktu_node={
	location=1497
	color={
		215 135 125 
	}
	inland=yes
	outgoing={
		name="maghrib_node"
		path={
			1116 1115 1516 343 
		}
		control={
			2568.000000 1286.000000 2565.000000 1301.000000 2568.000000 1318.000000 2589.000000 1387.000000 2619.000000 1467.000000 2608.000000 1510.000000 2603.000000 1521.000000 2588.000000 1528.000000 2582.000000 1533.000000 
		}
	}
	outgoing={
		name="tunis_node"
		path={
			1116 1115 1547 2504 2659 2936 1515 4068 2862 341 
		}
		control={
			2565.000000 1301.000000 2596.000000 1382.000000 2674.000000 1436.000000 2717.000000 1510.000000 2736.000000 1541.000000 2765.000000 1585.000000 
		}
	}
	outgoing={
		name="accra_node"
		path={
			1497 1495 2781 1127 
		}
		control={
			2604.000000 1272.000000 2618.000000 1276.000000 2621.000000 1275.000000 2624.000000 1276.000000 2627.000000 1274.000000 2632.000000 1274.000000 2637.000000 1263.000000 2644.000000 1253.000000 2649.000000 1249.000000 2648.000000 1243.000000 2661.000000 1229.000000 2665.000000 1223.000000 2674.000000 1215.000000 2675.000000 1207.000000 2681.000000 1202.000000 2693.000000 1192.000000 2710.000000 1179.000000 2709.000000 1169.000000 2710.000000 1162.000000 2711.000000 1154.000000 2717.000000 1151.000000 2726.000000 1145.000000 2736.000000 1143.000000 2744.000000 1130.000000 2741.000000 1113.000000 2737.000000 1087.000000 2732.000000 1079.000000 2728.000000 1070.000000 2716.000000 1075.000000 2697.000000 1096.000000 2659.000000 1093.000000 
		}
	}
	members={
		348 1105 1116 1117 1118 1121 1124 1127 1129 1130 1135 1229 1495 1497 1498 1501 1525 1541 1542 1544 2763 2764 2765 2766 2772 2774 2780 2781 2897 2898 2899 2900 2902 2903 2904 2905 2907 2908 2909 2910 2913 2914 2916 2917 2918 2919 2921 2922 2923 2955 2956 2957 2958 2959 2960 2961 2963 2965 4117 1547 2504 1115 4115 1500 342 4116 
	}
}
great_plains_node={
	location=902
	color={
		245 222 179 
	}
	inland=yes
	outgoing={
		name="great_lakes_node"
		path={
			902 945 
		}
		control={
			1121.000000 1707.000000 1129.000000 1702.000000 1167.000000 1695.000000 1210.000000 1684.000000 1222.000000 1685.000000 1257.000000 1689.000000 1272.000000 1685.000000 1283.000000 1691.000000 1303.000000 1701.000000 1318.000000 1704.000000 
		}
	}
	outgoing={
		name="california_node"
		path={
			902 871 
		}
		control={
			1109.000000 1710.000000 1102.000000 1707.000000 1089.000000 1709.000000 1077.000000 1707.000000 1066.000000 1710.000000 1058.000000 1708.000000 1048.000000 1709.000000 1039.000000 1706.000000 1030.000000 1702.000000 1010.000000 1702.000000 994.000000 1703.000000 990.000000 1706.000000 983.000000 1709.000000 972.000000 1709.000000 943.000000 1707.000000 913.000000 1709.000000 901.000000 1715.000000 895.000000 1720.000000 885.000000 1725.000000 883.000000 1720.000000 878.000000 1715.000000 873.000000 1711.000000 867.000000 1706.000000 862.000000 1707.000000 858.000000 1703.000000 849.000000 1704.000000 842.000000 1706.000000 838.000000 1710.000000 834.000000 1712.000000 829.000000 1711.000000 819.000000 1712.000000 814.000000 1717.000000 805.000000 1726.000000 807.000000 1730.000000 806.000000 1735.000000 803.000000 1739.000000 808.000000 1747.000000 815.000000 1759.000000 808.000000 1765.000000 806.000000 1772.000000 799.000000 1779.000000 794.000000 1779.000000 791.000000 1777.000000 783.000000 1777.000000 779.000000 1773.000000 775.000000 1770.000000 775.000000 1767.000000 773.000000 1765.000000 766.000000 1765.000000 755.000000 1762.000000 748.000000 1761.000000 742.000000 1760.000000 735.000000 1762.000000 728.000000 1760.000000 722.000000 1758.000000 717.000000 1760.000000 715.000000 1765.000000 711.000000 1770.000000 696.000000 1771.000000 693.000000 1749.000000 686.000000 1708.000000 688.000000 1664.000000 699.000000 1638.000000 713.000000 1617.000000 
		}
	}
	members={
		3565 898 918 1494 901 3566 903 3567 3577 917 915 914 2172 912 2171 3576 3574 902 1460 3568 3575 3573 905 2195 3572 3571 3569 3570 3664 3665 3666 906 
	}
}
california_node={
	location=871
	color={
		203 144 10 
	}
	outgoing={
		name="alaska_node"
		path={
			1658 2185 
		}
		control={
			713.000000 1617.000000 699.000000 1638.000000 688.000000 1664.000000 686.000000 1708.000000 693.000000 1749.000000 690.000000 1784.000000 684.000000 1802.000000 683.000000 1811.000000 688.000000 1812.000000 694.000000 1810.000000 701.000000 1809.000000 715.000000 1807.000000 719.000000 1803.000000 
		}
	}
	outgoing={
		name="sonora_node"
		path={
			871 1734 
		}
		control={
			719.000000 1606.000000 727.000000 1592.000000 747.000000 1563.000000 757.000000 1545.000000 809.000000 1511.000000 823.000000 1481.000000 826.000000 1456.000000 856.760010 1428.479980 879.000000 1396.000000 915.000000 1366.000000 926.000000 1369.000000 927.000000 1380.000000 921.000000 1392.000000 919.000000 1420.000000 
		}
	}
	members={
		867 868 869 870 871 872 876 878 1465 1735 1821 1824 2184 3675 3676 3678 3679 3680 3681 3682 3683 3684 3685 3687 3688 3689 3690 1464 5185 2465
	}
}
sonora_node={
	location=1734
	color={
		151 90 40 
	}
	outgoing={
		name="plains_node"
		path={
			1734 896 
		}
		control={
			939.000000 1434.000000 948.000000 1435.000000 964.000000 1445.000000 980.000000 1442.000000 983.000000 1446.000000 988.000000 1444.000000 991.000000 1450.000000 990.000000 1457.000000 986.869995 1466.660034 993.000000 1472.000000 996.000000 1478.000000 1004.000000 1481.000000 1013.000000 1501.000000 1027.000000 1530.000000 
		}
	}
	outgoing={
		name="mexico_node"
		path={
			1734 1471 
		}
		control={
			919.000000 1420.000000 941.000000 1398.000000 970.000000 1371.000000 978.000000 1351.000000 981.000000 1329.000000 993.000000 1309.000000 1017.000000 1292.000000 1037.000000 1289.000000 1039.000000 1293.000000 1042.000000 1295.000000 1042.000000 1299.000000 1045.000000 1300.000000 1050.000000 1297.000000 1055.000000 1299.000000 1061.000000 1297.000000 1067.000000 1293.000000 1074.000000 1301.000000 1083.000000 1308.000000 
		}
	}
	members={
		860 862 864 865 866 879 880 881 882 1466 1467 1733 1734 1823 2166 2167 2199 2638 3540 3541 3542 3543 5186 2639 
	}
}
alaska_node={
	location=2185
	color={
		225 225 225 
	}
	outgoing={
		name="manchuria_node"
		path={
			2185 731 
		}
		control={
			719.000000 1803.000000 715.000000 1807.000000 701.000000 1809.000000 685.000000 1813.000000 665.000000 1822.000000 640.000000 1838.000000 627.000000 1855.000000 610.000000 1892.000000 593.000000 1910.000000 575.000000 1924.000000 557.000000 1932.000000 532.000000 1955.000000 509.000000 1979.000000 490.000000 2006.000000 449.000000 2027.000000 392.000000 2038.000000 374.000000 2033.000000 324.000000 2034.000000 276.000000 2023.000000 257.000000 1987.000000 229.000000 1969.000000 203.000000 1952.000000 141.000000 1932.000000 94.000000 1924.000000 26.740000 1906.189941 5629.000000 1895.000000 5558.000000 1877.000000 5503.270020 1870.000000 5467.549805 1861.849976 5442.000000 1865.000000 5375.000000 1857.000000 5217.689941 1839.540039 5066.000000 1840.000000 4996.000000 1864.000000 4927.000000 1902.000000 4872.000000 1928.000000 4860.000000 1925.000000 4852.000000 1910.000000 4849.000000 1900.000000 4830.000000 1904.000000 4822.000000 1899.000000 4828.000000 1898.000000 4827.000000 1894.000000 4834.000000 1888.000000 4832.000000 1883.000000 4829.000000 1881.000000 4829.000000 1876.000000 4824.000000 1872.000000 4819.000000 1871.000000 4815.000000 1868.000000 4811.000000 1868.000000 4800.000000 1861.000000 4790.000000 1855.000000 4782.000000 1853.000000 4780.000000 1847.000000 4776.000000 1841.000000 4777.000000 1834.000000 4772.000000 1832.000000 4768.000000 1824.000000 4760.000000 1819.000000 4752.000000 1819.000000 4747.000000 1813.000000 4732.000000 1810.000000 4722.000000 1806.000000 4714.000000 1804.000000 4702.000000 1791.000000 4685.000000 1789.000000 4677.000000 1783.000000 4665.000000 1776.000000 4659.000000 1769.000000 4655.000000 1764.000000 4643.000000 1752.000000 
		}
	}
	members={
		873 874 972 975 978 1530 2185 2186 2188 2189 2190 2191 2193 3667 2469 3668 3669 3670 3672 3674 3677 
	}
}
manchuria_node={
	location=731
	color={
		68 40 22 
	}
	outgoing={
		name="beijing_node"
		path={
			2248 706 
		}
		control={
			4604.000000 1700.000000 4584.000000 1691.000000 4574.000000 1690.000000 4559.000000 1683.000000 4550.000000 1676.000000 4546.000000 1668.000000 4535.000000 1668.000000 4522.000000 1656.000000 4512.000000 1651.000000 4496.000000 1639.000000 4481.000000 1639.000000 
		}
	}
	outgoing={
		name="mongolia_node"
		path={
			3258 2266 713 3263 709 5485 722 2267 3274 3272 715 
		}
		control={
			4586.000000 1733.000000 4559.000000 1728.000000 4541.000000 1721.000000 4499.000000 1723.000000 4474.000000 1720.000000 4434.000000 1694.000000 4364.000000 1680.000000 4318.000000 1680.000000 4263.000000 1725.000000 4216.000000 1749.000000 4164.000000 1770.000000 
		}
	}
	outgoing={
		name="tokyo_node"
		path={
			732 2293 
		}
		control={
			4699.000000 1714.000000 4798.000000 1609.000000 
		}
	}
	members={
		2801 734 2806 733 2802 1822 3686 2744 2301 723 725 726 727 728 729 730 731 732 1047 1048 1049 1050 1052 1058 2328 2800 3241 3242 3243 3244 3245 3246 3247 3248 3249 3250 3251 3252 3253 3254 3255 3256 3258 4031 4032 4033 1034 1035 1036 1037 1038 1039 1040 1044 4194 2249 4035 4036 4037 707 2266 2248 4038 
	}
}
tokyo_node={
	location=2293
	color={
		101 5 37 
	}
	outgoing={
		name="nagasaki_node"
		path={
			2290 2286 2283 2279 1032 1030 1029 1027 1020 
		}
		control={
			4822.000000 1569.000000 4815.000000 1568.000000 4805.000000 1560.000000 4758.000000 1539.000000 4748.000000 1552.000000 4749.000000 1559.000000 4755.000000 1565.000000 4748.000000 1565.000000 4734.000000 1560.000000 4723.000000 1558.000000 4715.000000 1556.000000 4704.000000 1547.000000 4678.000000 1554.000000 4662.000000 1553.000000 4658.000000 1539.000000 
		}
	}
	members={
		1019 1025 1033 2277 2279 2280 2281 2282 2283 2284 2285 2286 2287 2288 2289 2290 2291 2292 2293 2294 2295 2296 2297 2298 2299 2300 2302 2435 2796 3943 3944 3945 3946 3947 3948 3949 3950 3951 3952 3953 3954 3955 3956 3957 3958 3959 3960 3961 3973 3974 
	}
}
mongolia_node={
	location=715
	color={
		108 153 65 
	}
	inland=yes
	outgoing={
		name="beijing_node"
		path={
			2273 717 718 2265 709 708 
		}
		control={
			4164.000000 1770.000000 4216.000000 1749.000000 4263.000000 1725.000000 4318.000000 1680.000000 4372.000000 1677.000000 4435.000000 1674.000000 4443.000000 1665.000000 4447.000000 1660.000000 4453.000000 1658.000000 4455.000000 1651.000000 4468.000000 1645.000000 4470.000000 1637.000000 
		}
	}
	outgoing={
		name="w_siberia_node"
		path={
			2270 480 
		}
		control={
			4134.000000 1774.000000 4086.000000 1791.000000 4066.000000 1816.000000 4044.000000 1840.000000 3950.000000 1827.000000 3916.000000 1793.000000 3861.000000 1753.000000 
		}
	}
	members={
		715 718 719 720 721 722 1057 1061 2253 2267 2270 2271 3257 3259 3260 3261 3262 3264 3265 3266 3267 3268 3269 3270 3271 3272 3273 4039 4198 1051 1054 1055 1056 1059 1060 1062 1063 1064 1065 2154 2155 2156 2157 2158 4195 4196 4197 2268 3275 2152 1074 2445 4200 2153 1066 4199 1067 1069 480 
	}
}
beijing_node={
	location=705
	color={
		221 198 14 
	}
	outgoing={
		name="nagasaki_node"
		path={
			1969 1968 2276 1020 
		}
		control={
			4484.000000 1636.000000 4542.000000 1627.000000 4579.000000 1613.000000 4594.000000 1608.000000 4615.000000 1620.000000 4597.000000 1586.000000 4611.000000 1546.000000 4619.000000 1551.000000 4649.000000 1526.000000 
		}
	}
	outgoing={
		name="xian_node"
		path={
			705 2252 
		}
		control={
			4463.000000 1629.000000 4446.000000 1617.000000 4436.000000 1602.000000 4422.000000 1595.000000 4405.000000 1596.000000 4382.000000 1586.000000 4366.000000 1581.000000 4360.000000 1566.000000 
		}
	}
	members={
		697 698 699 700 702 703 704 705 706 708 709 713 724 1041 2148 2246 2247 2265 2467 2468 2471 2491 2492 2476 2560 3240 3263 5471 5478 5479 5480 5481 5470 5469 5472 5385 5386 5391 5390 5384 5382 5387 5383 5380 5381 5379 5378 5389 5388 5371 5372 5482 5483 5484 5373 5374 5375 5376 5377 
	}
}
xian_node={
	location=2252
	color={
		140 183 154 
	}
	inland=yes
	outgoing={
		name="w_siberia_node"
		path={
			2252 2256 2162 2257 2119 2743 2742 459 3305 461 
		}
		control={
			4325.000000 1574.000000 4306.000000 1576.000000 4279.000000 1594.000000 4223.000000 1629.000000 4159.000000 1658.000000 4130.000000 1692.000000 4099.000000 1720.000000 4012.000000 1730.000000 3932.000000 1739.000000 3915.000000 1737.000000 3901.000000 1729.000000 3890.000000 1726.000000 3880.000000 1729.000000 3871.000000 1727.000000 3860.000000 1727.000000 
		}
	}
	outgoing={
		name="lahore_node"
		path={
			2252 3104 
		}
		control={
			4133.000000 1531.000000 4035.000000 1478.000000 3902.000000 1517.000000 
		}
	}
	members={
		660 664 665 666 685 1043 1143 1337 2083 2120 2122 2162 2170 2251 2252 2254 2255 2256 2257 2258 2259 2260 2261 2262 2263 2264 2463 2510 2748 2793 2797 3207 3208 3209 5449 5450 5451 5492 5494 5491 5493 5490 5489 5487 5488 5446 5447 5448 5461 5455 5505 5506 
	}
}
w_siberia_node={
	location=461
	color={
		119 190 118 
	}
	inland=yes
	outgoing={
		name="moscow_node"
		path={
			461 2223 3312 3310 1308 2437 301 295 
		}
		control={
			3842.000000 1729.000000 3837.000000 1734.000000 3828.000000 1744.000000 3785.000000 1749.000000 3729.000000 1749.000000 3664.000000 1750.000000 3644.000000 1750.000000 3632.000000 1762.000000 3624.000000 1759.000000 3608.000000 1775.000000 3590.000000 1793.000000 3463.000000 1790.000000 3433.000000 1787.000000 3400.000000 1777.000000 3384.000000 1784.000000 3369.000000 1794.000000 3356.000000 1809.000000 3346.000000 1813.000000 3333.000000 1815.000000 3340.000000 1828.000000 3348.000000 1844.000000 3354.000000 1848.000000 3351.000000 1855.000000 3356.000000 1859.000000 3352.000000 1866.000000 3364.000000 1877.000000 3366.000000 1874.000000 3374.000000 1879.000000 3380.000000 1881.000000 3384.000000 1881.000000 3388.000000 1885.000000 3391.000000 1892.000000 3396.000000 1897.000000 3394.000000 1901.000000 3394.000000 1901.000000 3400.000000 1903.000000 3403.000000 1904.000000 3407.000000 1904.000000 3411.000000 1902.000000 3415.000000 1903.000000 3420.000000 1903.000000 3418.000000 1908.000000 3404.000000 1909.000000 3401.000000 1919.000000 3395.000000 1924.000000 3396.000000 1929.000000 3401.000000 1932.000000 3401.000000 1939.000000 3405.000000 1940.000000 3408.000000 1942.000000 3404.000000 1947.000000 3403.000000 1950.000000 3403.000000 1955.000000 3391.000000 1956.000000 3382.000000 1962.000000 3371.000000 1962.000000 3365.000000 1966.000000 3356.000000 1963.000000 3349.000000 1962.000000 3346.000000 1961.000000 3343.000000 1962.000000 3337.000000 1961.000000 3331.000000 1961.000000 3325.000000 1966.000000 3321.000000 1963.000000 3318.000000 1963.000000 3313.000000 1962.000000 3309.000000 1963.000000 3309.000000 1959.000000 3302.000000 1957.000000 3294.000000 1951.000000 3294.000000 1947.000000 3290.000000 1943.000000 3288.000000 1935.000000 3284.000000 1935.000000 3280.000000 1938.000000 3277.000000 1933.000000 3278.000000 1929.000000 3274.000000 1926.000000 3270.000000 1927.000000 3266.000000 1926.000000 3264.000000 1928.000000 3257.000000 1932.000000 3258.000000 1935.000000 3255.000000 1937.000000 3251.000000 1936.000000 3247.000000 1941.000000 3243.000000 1940.000000 3240.000000 1945.000000 3236.000000 1946.000000 3233.000000 1948.000000 
		}
	}
	outgoing={
		name="mashad_node"
		path={
			461 454 3846 457 436 445 2220 
		}
		control={
			3812.000000 1718.000000 3749.000000 1709.000000 3714.000000 1684.000000 3703.000000 1664.000000 3684.000000 1654.000000 3674.000000 1658.000000 3666.000000 1659.000000 3659.000000 1662.000000 3656.000000 1661.000000 3651.000000 1662.000000 3646.000000 1659.000000 3636.000000 1650.000000 3633.000000 1642.000000 3636.000000 1639.000000 3643.000000 1628.000000 3654.000000 1623.000000 3659.000000 1599.000000 3627.000000 1583.000000 3601.000000 1580.000000 3593.000000 1587.000000 3587.000000 1588.000000 
		}
	}
	members={
		2442 3310 3846 471 472 475 479 1070 1071 1073 1075 1076 1077 1078 1079 1081 1529 2446 3277 3304 3308 3309 3312 281 1072 1080 1082 1306 4201 4202 4203 4204 4205 4206 4208 4209 460 461 3303 3302 3300 3306 477 3848 3305 2118 3210 3211 739 2740 2745 2741 2746 3297 2232 3847 476 3301 3311 3293 454 458 3292 2221 3298 3296 2223 459 478 2742 3276 3213 2743 2119 3291 2273 717 
	}
}
yucatan_node={
	location=842
	color={
		181 231 12 
	}
	outgoing={
		name="mexico_node"
		path={
			842 1471 
		}
		control={
			1250.000000 1259.000000 1260.000000 1269.000000 1265.000000 1279.000000 1270.000000 1312.000000 1282.000000 1330.000000 1279.000000 1350.000000 1250.000000 1350.000000 1222.000000 1342.000000 1212.000000 1311.000000 1187.000000 1302.000000 1172.000000 1299.000000 1162.000000 1295.000000 1150.000000 1302.000000 1138.000000 1305.000000 1133.000000 1311.000000 1129.000000 1312.000000 1121.000000 1310.000000 1111.000000 1310.000000 1098.000000 1319.000000 1088.000000 1318.000000 
		}
	}
	outgoing={
		name="cartagena_node"
		path={
			842 827 
		}
		control={
			1251.000000 1259.000000 1264.000000 1259.000000 1282.000000 1266.000000 1294.000000 1267.000000 1319.000000 1257.000000 1337.000000 1243.000000 1333.000000 1201.000000 1330.000000 1181.000000 1343.000000 1160.000000 1368.000000 1147.000000 1390.000000 1159.000000 1411.000000 1157.000000 1426.000000 1148.000000 1435.000000 1151.000000 1444.000000 1164.000000 1452.000000 1175.000000 
		}
	}
	members={
		834 836 837 838 839 840 841 842 843 844 845 846 1472 1473 1474 2206 2208 2603 3519 2209 2411 2412 2413 2414 2415 2416 2604 2646 2647 2648 3508 3509 3510 3511 3512 3513 3514 3515 3516 3517 3518 4041 
	}
}
mexico_node={
	location=1471
	color={
		18 100 11 
	}
	outgoing={
		name="mississippi_node"
		path={
			2597 2598 1611 1610 921 928 
		}
		control={
			1084.000000 1329.000000 1080.000000 1335.000000 1084.000000 1341.000000 1090.000000 1342.000000 1092.000000 1348.000000 1097.000000 1351.000000 1095.000000 1354.000000 1103.000000 1357.000000 1110.000000 1366.000000 1113.000000 1394.000000 1120.000000 1418.000000 1121.000000 1448.000000 1158.000000 1473.000000 1196.000000 1475.000000 1214.000000 1467.000000 1238.000000 1465.000000 1247.000000 1472.000000 1243.000000 1477.000000 
		}
	}
	outgoing={
		name="caribbean_node"
		path={
			2597 2201 2644 1612 2415 846 2414 1615 1620 1618 1623 1625 
		}
		control={
			1088.000000 1318.000000 1098.000000 1319.000000 1111.000000 1310.000000 1121.000000 1310.000000 1129.000000 1312.000000 1133.000000 1311.000000 1138.000000 1305.000000 1150.000000 1302.000000 1162.000000 1295.000000 1172.000000 1299.000000 1187.000000 1302.000000 1212.000000 1311.000000 1222.000000 1342.000000 1250.000000 1350.000000 1279.000000 1350.000000 1315.000000 1336.000000 1391.000000 1325.000000 1420.000000 1314.000000 1437.000000 1315.000000 1444.000000 1321.000000 1453.000000 1312.000000 
		}
	}
	outgoing={
		name="nagasaki_node"
		path={
			1799 1983 1020 
		}
		control={
			1083.000000 1308.000000 1074.000000 1301.000000 1067.000000 1293.000000 1061.000000 1297.000000 1055.000000 1299.000000 1050.000000 1297.000000 1045.000000 1300.000000 1042.000000 1299.000000 1042.000000 1295.000000 1039.000000 1293.000000 1035.000000 1288.000000 1001.000000 1286.000000 930.000000 1286.000000 786.000000 1285.000000 649.000000 1284.000000 499.000000 1283.000000 293.000000 1284.000000 203.000000 1304.000000 141.000000 1296.000000 74.000000 1292.000000 5511.000000 1298.000000 5244.000000 1307.000000 4882.000000 1283.000000 4754.000000 1392.000000 4684.000000 1472.000000 4675.000000 1494.000000 4670.000000 1500.000000 4662.000000 1514.000000 
		}
	}
	members={
		847 848 849 850 851 852 853 854 855 856 857 859 861 883 1463 1468 1469 1470 1471 1709 1710 1711 2200 2201 2202 2203 2204 2205 2207 2402 2403 2404 2405 2406 2407 2408 2409 2410 2597 2598 2599 2600 2601 2602 2640 2641 2642 2643 2644 2645 3520 3521 3522 3523 3524 3525 3526 3527 3528 3529 3530 3531 3532 3533 3534 3535 3536 3537 3538 3539 3544 4040 
	}
}
nagasaki_node={
	location=1020
	color={
		15 17 221 
	}
	outgoing={
		name="manila_node"
		path={
			1013 1987 657 2216 
		}
		control={
			4662.000000 1514.000000 4670.000000 1500.000000 4675.000000 1491.000000 4657.000000 1486.000000 4654.000000 1472.000000 4658.000000 1458.000000 4632.000000 1440.000000 4633.000000 1426.000000 4607.000000 1421.000000 4576.000000 1408.000000 4571.000000 1393.000000 4550.000000 1388.000000 4530.000000 1348.000000 4516.000000 1307.000000 4504.000000 1271.000000 4505.000000 1246.000000 4513.000000 1236.000000 
		}
	}
	members={
		877 889 2461 735 736 737 2233 2276 2278 1012 1013 1014 1015 1016 1017 1018 1020 1021 1022 1023 1024 1026 1027 1028 1029 1030 1031 1032 2803 2804 2805 3962 3963 3964 3965 3966 3967 3968 3969 3970 3971 3972 
	}
}
manila_node={
	location=2216
	color={
		189 64 44 
	}
	outgoing={
		name="cartagena_node"
		path={
			1799 836 1623 828 
		}
		control={
			4520.000000 1225.000000 4524.000000 1220.000000 4535.000000 1218.000000 4549.000000 1210.000000 4571.000000 1206.000000 4576.000000 1201.000000 4584.000000 1207.000000 4605.000000 1206.000000 4731.000000 1201.000000 4901.000000 1212.000000 5093.000000 1279.000000 5244.000000 1307.000000 5511.000000 1298.000000 5706.000000 1292.000000 5773.500000 1295.729980 203.000000 1304.000000 293.000000 1284.000000 499.000000 1283.000000 786.000000 1285.000000 930.000000 1286.000000 1001.000000 1286.000000 1033.000000 1287.000000 1042.000000 1286.000000 1046.000000 1279.000000 1061.000000 1271.000000 1088.390015 1263.839966 1106.000000 1255.000000 1127.000000 1249.000000 1158.000000 1256.000000 1202.000000 1224.000000 1260.000000 1206.000000 1288.000000 1180.000000 1291.000000 1162.000000 1326.000000 1136.000000 1355.000000 1117.000000 1386.000000 1120.000000 1408.000000 1134.000000 1421.000000 1146.000000 1435.000000 1151.000000 1451.000000 1174.000000 
		}
	}
	outgoing={
		name="malacca_node"
		path={
			1962 1957 1956 598 596 
		}
		control={
			4493.000000 1205.000000 4430.000000 1104.000000 4426.000000 1081.000000 4396.000000 1087.000000 4329.000000 1053.000000 4280.000000 1031.000000 4255.000000 1024.000000 4237.000000 1036.000000 
		}
	}
	members={
		651 2215 658 2216 657 2217 652 2213 653 654 656 2214 655 2586 2303 2304 2305 607 606 616 2317 3230 2318 3229 4214 2397 613 2418 2419 4211 2396 610 2730 3936 2395 2325 3937 3938 2731 3314 2393 2394 3939 674 
	}
}
malacca_node={
	location=596
	color={
		100 96 197 
	}
	outgoing={
		name="jakarta_node"
		path={
			596 597 1955 1954 
		}
		control={
			4238.000000 1035.000000 4262.000000 1014.000000 4284.000000 998.000000 4310.000000 962.000000 4300.000000 934.000000 
		}
	}
	outgoing={
		name="hantawaddy_node"
		path={
			3239 3315 599 2735 594 1959 3223 2825 4043 590 4046 2822 3215 
		}
		control={
			4223.000000 1043.000000 4197.000000 1070.000000 4180.000000 1090.000000 4158.000000 1130.000000 4152.000000 1205.000000 4156.000000 1263.000000 
		}
	}
	members={
		4048 420 574 2091 3929 636 637 738 3340 4047 407 597 3910 596 3239 2830 598 3315 599 2828 2735 2824 3236 3237 594 2736 2737 595 4216 3342 2092 629 3222 2738 
	}
}
jakarta_node={
	location=624
	color={
		255 188 225 
	}
	outgoing={
		name="zanzibar_node"
		path={
			1744 1187 
		}
		control={
			4220.000000 906.000000 4087.000000 898.000000 3910.000000 885.000000 3769.000000 887.000000 3507.000000 927.000000 3359.000000 922.000000 
		}
	}
	outgoing={
		name="ceylon_node"
		path={
			1946 1714 
		}
		control={
			4250.000000 916.000000 4204.000000 975.000000 4166.000000 1034.000000 4108.000000 1083.000000 3965.000000 1089.000000 3876.000000 1090.000000 3835.000000 1122.000000 3808.000000 1172.000000 
		}
	}
	members={
		624 625 626 627 628 630 631 632 633 634 635 645 646 647 648 649 716 907 1042 1642 2104 2105 2106 2107 2108 2109 2110 2111 2430 2431 2525 3922 3923 3924 3925 3926 3927 3339 638 639 2434 2433 2432 4044 4045 4042 641 642 644 643 3928 640 2089 3341 2090 2101 2097 3913 617 2093 3912 3911 618 3915 2094 2095 3916 621 3919 620 3921 659 622 623 3918 2096 619 3914 2102 2103 3920 2100 3917 2099 3940 2098 5361 5362 4237 4239 
	}
}
hantawaddy_node={
	location=3215
	color={
		123 135 129 
	}
	outgoing={
		name="bengal_node"
		path={
			586 3216 579 3214 585 1937 561 
		}
		control={
			4148.000000 1258.000000 4123.000000 1245.000000 4100.000000 1259.000000 4095.000000 1291.000000 4063.000000 1338.000000 4028.000000 1341.000000 
		}
	}
	members={
		661 1759 2323 2324 2326 2424 2423 2739 2753 2822 2823 3197 3215 3216 3217 3235 352 569 580 581 582 583 584 586 587 588 2426 2427 2428 2728 3194 3195 3196 3234 2429 2425 2727 3903 3904 3905 3906 3907 4218 5360 5500 5501 4046 590 3218 4043 3221 591 4049 
	}
}
bengal_node={
	location=561
	color={
		36 109 194 
	}
	outgoing={
		name="orissa_node"
		path={
			561 560 
		}
		control={
			4011.000000 1348.000000 4011.000000 1335.000000 4001.000000 1322.000000 
		}
	}
	outgoing={
		name="delhi_node"
		path={
			561 524 2689 1588 
		}
		control={
			4016.000000 1355.000000 4015.000000 1361.000000 4018.000000 1365.000000 4019.000000 1373.000000 4015.000000 1383.000000 4016.000000 1390.000000 4011.000000 1400.000000 4008.000000 1409.000000 4003.000000 1410.000000 3992.000000 1408.000000 3985.000000 1409.000000 3979.000000 1412.000000 3973.000000 1412.000000 3967.000000 1415.000000 3959.000000 1416.000000 3952.000000 1416.000000 3948.000000 1413.000000 3943.000000 1414.000000 3942.000000 1410.000000 3937.000000 1412.000000 3931.000000 1407.000000 3917.000000 1409.000000 3911.000000 1414.000000 3904.000000 1421.000000 3898.000000 1421.000000 3892.000000 1428.000000 3887.000000 1438.000000 3883.000000 1440.000000 3874.000000 1449.000000 3864.000000 1455.000000 3860.000000 1460.000000 3850.000000 1466.000000 
		}
	}
	members={
		561 562 563 565 566 567 568 570 571 1588 2693 2694 2695 2696 2698 2699 3176 3182 3183 3186 3187 3188 3189 3190 3191 3192 3193 3203 3205 3206 4219 5325 5326 5346 5347 5348 5349 5355 5356 5357 5358 3214 585 579 5244 
	}
}
orissa_node={
	location=560
	color={
		234 103 101 
	}
	outgoing={
		name="ceylon_node"
		path={
			1935 572 
		}
		control={
			3993.000000 1316.000000 3982.000000 1299.000000 3943.000000 1265.000000 3920.000000 1236.000000 3902.060059 1171.829956 3936.280029 1106.130005 3876.000000 1090.000000 3835.000000 1122.000000 3808.000000 1172.000000 
		}
	}
	members={
		556 2554 2684 2686 3167 3170 3171 3180 3181 548 549 552 559 560 2558 2682 2683 2687 3173 3177 3178 3179 3200 3204 2685 3139 3169 3172 5319 5320 5321 5322 5323 5324 3175 5309 2630 3174 553 5305 5304 507 2627 546 5303 545 3160 3161 3162 3163 5306 2703 
	}
}
delhi_node={
	location=2163
	color={
		157 200 42 
	}
	inland=yes
	outgoing={
		name="kutch_node"
		path={
			2705 2704 3706 3117 518 2708 516 
		}
		control={
			3845.000000 1463.000000 3850.000000 1450.000000 3854.000000 1442.000000 3857.000000 1432.000000 3835.000000 1418.000000 3834.000000 1405.000000 3841.000000 1397.000000 3841.000000 1378.000000 3827.000000 1359.000000 3804.000000 1356.000000 3791.000000 1352.000000 3786.000000 1354.000000 3773.000000 1348.000000 
		}
	}
	outgoing={
		name="lahore_node"
		path={
			521 3111 564 
		}
		control={
			3841.000000 1479.000000 3835.000000 1487.000000 3823.000000 1493.000000 3818.000000 1502.000000 3809.000000 1505.000000 3803.000000 1504.000000 
		}
	}
	members={
		510 511 521 522 523 524 550 564 2163 2555 2631 2700 2701 2704 2705 2706 2720 3106 3110 3111 3112 3113 3114 3115 3118 3119 3120 3123 3126 3127 3128 3131 528 3138 554 3198 2691 4124 557 4125 2692 2702 3133 3132 555 3130 2557 2632 3135 2688 3202 2210 3129 3134 3136 2690 558 2689 3184 3185 5314 5315 5316 5317 5318 5328 5329 5330 5331 5332 5333 5334 5335 5336 5337 5338 5339 5340 5341 5342 5343 5344 5345 5352 5353 5354 
	}
}
lahore_node={
	location=2113
	color={
		157 42 200 
	}
	inland=yes
	outgoing={
		name="mashad_node"
		path={
			2112 2556 2722 451 3842 449 3095 447 3838 
		}
		control={
			3790.000000 1506.000000 3772.000000 1496.000000 3759.000000 1496.000000 3743.000000 1494.000000 3743.000000 1509.000000 3724.000000 1520.000000 3701.000000 1533.000000 3681.000000 1526.000000 3656.000000 1511.000000 3606.000000 1525.000000 3600.000000 1557.000000 3593.000000 1566.000000 3592.000000 1573.000000 3595.000000 1581.000000 3593.000000 1587.000000 3585.000000 1588.000000 
		}
	}
	outgoing={
		name="kutch_node"
		path={
			2112 3108 3101 2717 2716 1931 2568 
		}
		control={
			3798.000000 1501.000000 3793.000000 1494.000000 3773.000000 1483.000000 3768.000000 1483.000000 3760.000000 1476.000000 3747.000000 1476.000000 3740.000000 1469.000000 3725.000000 1457.000000 3714.000000 1450.000000 3713.000000 1448.000000 3707.000000 1446.000000 3702.000000 1439.000000 3698.000000 1428.000000 3705.000000 1417.000000 3704.000000 1404.000000 3701.000000 1401.000000 3699.000000 1395.000000 3695.000000 1390.000000 3700.000000 1367.000000 3724.000000 1341.000000 3746.000000 1331.000000 3767.000000 1341.000000 
		}
	}
	members={
		508 2114 451 578 3096 452 3842 449 3097 3098 3105 2115 2116 509 3107 3109 2113 3102 2226 3108 2556 2722 3104 3103 2112 2721 3101 2584 2717 505 2716 504 576 575 434 437 3100 448 577 2715 3834 5312 5313 5327 2718 2719 5243 
	}
}
mashad_node={
	location=2220
	color={
		118 143 45 
	}
	inland=yes
	outgoing={
		name="hormuz_node"
		path={
			2220 431 
		}
		control={
			3557.000000 1586.000000 3533.000000 1564.000000 3521.000000 1549.000000 3509.000000 1538.000000 3504.000000 1524.000000 3502.000000 1507.000000 3503.000000 1491.000000 3505.000000 1473.000000 3507.000000 1457.000000 3510.000000 1444.000000 3513.000000 1442.000000 3510.000000 1440.000000 3509.000000 1437.000000 
		}
	}
	members={
		551 453 432 3838 3839 3849 3840 3841 4030 4234 436 3280 3845 444 3288 3289 457 3844 3290 3283 455 456 2222 442 3278 440 3279 3286 3285 3657 3299 441 439 462 4232 3284 387 3281 2220 445 3282 3092 446 386 433 405 426 3083 1313 447 450 2231 3094 3095 3099 3294 3843 3824 417 
	}
}
ceylon_node={
	location=534
	color={
		60 123 65 
	}
	outgoing={
		name="konkan_node"
		path={
			2570 534 532 533 2569 529 
		}
		control={
			3802.000000 1200.000000 3774.000000 1261.000000 3770.000000 1303.000000 
		}
	}
	members={
		421 535 536 537 538 539 540 541 542 543 544 547 572 573 1101 1248 1520 2245 2336 2337 2628 2629 2672 2673 2674 2675 2676 3153 3154 3155 3156 3157 3158 3159 3201 4078 4079 5292 5293 5294 5295 5297 5299 5300 5301 5302 532 5296 5298 533 534 2570 
	}
}
kutch_node={
	location=515
	color={
		175 82 16 
	}
	outgoing={
		name="konkan_node"
		path={
			1931 1932 
		}
		control={
			3769.000000 1343.000000 3770.000000 1326.000000 3769.000000 1316.000000 
		}
	}
	outgoing={
		name="hormuz_node"
		path={
			1931 1930 1928 
		}
		control={
			3767.000000 1341.000000 3746.000000 1331.000000 3724.000000 1341.000000 3665.000000 1389.000000 3548.000000 1408.000000 3526.000000 1419.000000 3523.000000 1431.000000 
		}
	}
	members={
		503 515 516 2709 2710 2711 2712 2713 2714 2723 3124 3125 3199 3238 517 2568 5310 5311 3142 2211 3141 518 2707 514 3122 525 2708 526 3140 3116 3117 520 3137 512 519 
	}
}
konkan_node={
	location=529
	color={
		49 175 191 
	}
	outgoing={
		name="zanzibar_node"
		path={
			1932 2030 2029 2024 2025 2026 
		}
		control={
			3719.000000 1309.000000 3642.000000 1337.000000 3580.000000 1311.000000 3533.000000 1274.000000 3502.000000 1251.000000 3481.000000 1209.000000 3486.000000 1193.000000 3407.000000 1080.000000 3356.000000 1032.000000 3338.000000 1033.000000 3333.000000 1013.000000 3297.000000 971.000000 3280.000000 971.000000 3281.000000 952.000000 3261.000000 912.000000 
		}
	}
	outgoing={
		name="aden_node"
		path={
			1932 2030 2029 2024 2025 2026 
		}
		control={
			3719.000000 1309.000000 3642.000000 1337.000000 3580.000000 1311.000000 3515.000000 1262.000000 3426.000000 1219.000000 3400.000000 1227.000000 3396.000000 1210.000000 3349.000000 1198.000000 
		}
	}
	members={
		527 529 530 1587 2212 2243 2244 2569 2679 2680 2681 3144 3145 3146 3147 3148 3149 3150 3164 3165 3166 3168 4056 2677 2678 5307 5308 3151 531 3152 3143 
	}
}
aden_node={
	location=388
	color={
		98 134 153 
	}
	outgoing={
		name="cairo_node"
		path={
			1924 5287 5288 3004 
		}
		control={
			3321.000000 1199.000000 3306.000000 1216.000000 3278.000000 1250.000000 3247.000000 1295.000000 3232.000000 1298.000000 3229.000000 1333.000000 3217.000000 1363.000000 3195.000000 1372.000000 3199.000000 1391.000000 3179.000000 1421.000000 3157.000000 1418.000000 3146.000000 1422.000000 3137.000000 1424.000000 3127.000000 1438.000000 3119.000000 1445.000000 3119.000000 1451.000000 3118.000000 1457.000000 3124.000000 1474.000000 
		}
	}
	outgoing={
		name="zanzibar_node"
		path={
			1925 5285 2024 2025 2026 
		}
		control={
			3342.000000 1189.000000 3438.000000 1197.000000 3441.000000 1143.000000 3407.000000 1080.000000 3356.000000 1032.000000 3338.000000 1033.000000 3333.000000 1013.000000 3297.000000 971.000000 3280.000000 971.000000 3281.000000 952.000000 3261.000000 912.000000 
		}
	}
	outgoing={
		name="hormuz_node"
		path={
			1925 5285 1926 1927 
		}
		control={
			3349.000000 1198.000000 3396.000000 1210.000000 3400.000000 1227.000000 3426.000000 1219.000000 3515.000000 1262.000000 3571.000000 1310.000000 3583.000000 1351.000000 3566.000000 1383.000000 3554.000000 1380.000000 3549.000000 1391.000000 3526.000000 1419.000000 3523.000000 1431.000000 
		}
	}
	members={
		388 2665 384 380 385 473 474 2653 470 2810 383 428 1332 3073 3075 3076 3077 4095 4096 4097 4098 1571 3043 1202 3006 1574 3040 3044 3047 3015 1575 3041 3042 3046 2650 404 389 465 402 3074 1099 1201 3050 1200 1203 3048 3052 3049 3053 3039 3054 3038 3037 3055 3060 3062 5242 2808 
	}
}
cairo_node={
	location=361
	color={
		150 75 0 
	}
	outgoing={
		name="tunis_node"
		path={
			341 361 
		}
		control={
			3124.000000 1487.000000 3122.000000 1490.000000 3119.000000 1494.000000 3117.000000 1499.000000 3112.000000 1503.000000 3103.000000 1512.000000 3075.000000 1514.000000 2969.000000 1543.000000 2929.000000 1514.000000 2863.000000 1537.000000 2844.000000 1536.000000 2821.000000 1551.000000 2808.000000 1552.000000 2804.000000 1564.000000 2812.000000 1569.000000 2811.000000 1576.000000 2813.000000 1580.000000 2808.000000 1583.000000 2816.000000 1590.000000 2810.000000 1610.000000 
		}
	}
	outgoing={
		name="aegean_node"
		path={
			1338 2498 362 1909 2784 1912 1913 1914 
		}
		control={
			3124.000000 1487.000000 3124.000000 1488.000000 3123.000000 1493.000000 3125.000000 1496.000000 3125.000000 1502.000000 3134.000000 1537.000000 3078.000000 1576.000000 3069.000000 1585.000000 3067.000000 1590.000000 3051.000000 1603.000000 3037.000000 1618.000000 3032.000000 1633.000000 3033.000000 1648.000000 3044.000000 1657.000000 3047.000000 1659.000000 3050.000000 1662.000000 3054.000000 1666.000000 3058.000000 1667.000000 3063.000000 1668.000000 3067.000000 1671.000000 3072.000000 1672.000000 
		}
	}
	outgoing={
		name="baghdad_node"
		path={
			1909 3089 4058 382 1334 1910 
		}
		control={
			3134.000000 1489.000000 3147.000000 1492.000000 3180.000000 1492.000000 3193.000000 1534.000000 3205.000000 1547.000000 3210.000000 1578.000000 3218.000000 1594.000000 3236.000000 1587.000000 3244.000000 1587.000000 3258.000000 1584.000000 3278.000000 1561.000000 3290.000000 1562.000000 3298.000000 1558.000000 3304.000000 1552.000000 3309.000000 1546.000000 3319.000000 1543.000000 3328.000000 1537.000000 3330.000000 1529.000000 
		}
	}
	members={
		356 358 359 360 361 362 363 1208 1210 1211 1212 1213 1214 1338 1339 1526 2497 2498 2499 2543 2649 2661 2667 3003 3004 3887 4092 4093 4094 2749 163 
	}
}
tunis_node={
	location=341
	color={
		146 134 57 
	}
	outgoing={
		name="genoa_node"
		path={
			1896 1898 1897 1892 
		}
		control={
			2802.000000 1624.000000 2788.000000 1704.000000 
		}
	}
	outgoing={
		name="maghrib_node"
		path={
			341 2972 335 2866 1522 2933 339 1515 4068 2862 
		}
		control={
			2797.000000 1614.000000 2791.000000 1612.000000 2780.000000 1618.000000 2709.000000 1612.000000 2692.000000 1611.000000 2685.000000 1604.000000 2661.000000 1603.000000 2633.000000 1591.000000 2595.000000 1568.000000 2589.000000 1562.000000 2583.000000 1553.000000 2580.000000 1546.000000 
		}
	}
	outgoing={
		name="venezia_node"
		path={
			341 112 
		}
		control={
			2810.000000 1610.000000 2833.000000 1614.000000 2846.000000 1609.000000 2857.000000 1606.000000 2863.000000 1600.000000 2874.000000 1598.000000 2877.000000 1606.000000 2906.000000 1632.000000 2926.000000 1656.000000 2925.000000 1664.000000 2918.000000 1670.000000 2893.000000 1689.000000 2885.000000 1701.000000 2869.000000 1716.000000 2841.000000 1750.000000 
		}
	}
	members={
		339 340 341 351 353 354 355 1148 1515 1523 2315 2528 2657 2658 2659 2662 2663 2859 2860 2861 2862 2863 2864 2867 2868 2932 2934 2935 2936 2937 2938 2999 4068 126 1413 2853 2357 2854 2855 1516 
	}
}
maghrib_node={
	location=343
	color={
		191 110 62 
	}
	outgoing={
		name="barcelona_node"
		path={
			213 
		}
		control={
			2580.000000 1546.000000 2583.000000 1553.000000 2589.000000 1562.000000 2592.000000 1566.000000 2600.000000 1575.000000 2646.000000 1628.000000 
		}
	}
	outgoing={
		name="sevilla_node"
		path={
			343 2972 2941 2971 334 2311 
		}
		control={
			2576.000000 1538.000000 2560.000000 1556.000000 2548.000000 1573.000000 2538.000000 1588.000000 2532.000000 1598.000000 
		}
	}
	members={
		334 335 336 337 338 343 344 346 347 349 350 1340 1533 1522 1532 1534 1535 1548 1585 2865 2866 2869 2896 2933 2940 2941 2942 2943 2944 2962 2971 2972 4069 4070 4071 4072 4073 4074 4075 
	}
}
zanzibar_node={
	location=1187
	color={
		81 141 85 
	}
	outgoing={
		name="cape_node"
		path={
			2026 2027 2034 2036 2037 2038 1163 
		}
		control={
			3265.000000 897.000000 3286.000000 832.000000 3263.899902 727.869995 3217.000000 659.000000 3164.000000 531.000000 3052.000000 441.000000 2947.000000 431.000000 
		}
	}
	members={
		1100 1102 1103 1151 1176 1177 1180 1181 1185 1186 1187 1188 1190 1191 1195 1226 1227 1228 1518 1519 1521 1527 1528 1564 1565 2352 2983 2984 2985 2987 2994 2995 2996 2997 2998 3000 3893 3894 3895 3896 3897 3898 3899 3942 4283 3034 3056 3057 3059 1199 3033 3032 1566 1198 3036 3035 5136 
	}
}
cape_node={
	location=2881
	color={
		55 108 158 
	}
	outgoing={
		name="parana_node"
		path={
			2881 761 
		}
		control={
			2884.000000 436.000000 2700.000000 403.000000 2443.000000 402.000000 2224.000000 472.000000 2056.000000 556.000000 1983.000000 602.000000 1965.000000 631.000000 
		}
	}
	outgoing={
		name="kongo_node"
		path={
			2038 5219 
		}
		control={
			2916.000000 459.000000 2913.000000 477.000000 2910.000000 502.000000 2891.000000 540.000000 2868.360107 571.679993 2861.000000 606.000000 2855.000000 647.000000 2834.000000 688.000000 2818.000000 720.000000 2814.000000 755.000000 2827.000000 796.000000 2846.000000 824.000000 2837.000000 864.000000 2830.000000 896.000000 
		}
	}
	members={
		1160 1161 1162 1163 1164 1165 1166 1167 1168 1169 1170 1171 1173 1175 1580 1581 1582 1583 1584 2881 2982 2986 5221 5227 5228 5229 5230 5231 
	}
}
kongo_node={
	location=2974
	color={
		199 160 139 
	}
	outgoing={
		name="accra_node"
		path={
			2041 2042 2043 2044 2876 
		}
		control={
			2823.000000 917.000000 2806.000000 943.000000 2784.000000 966.000000 2769.000000 993.000000 2741.000000 1010.000000 2762.000000 1032.000000 2769.000000 1057.000000 2730.000000 1054.000000 2689.000000 1077.000000 2652.000000 1087.000000 
		}
	}
	members={
		1138 1139 1140 1141 1142 1144 1145 1146 1154 1155 1156 1157 1158 1159 1504 1505 1506 1558 1562 2775 2779 2879 2967 2973 2974 2975 2976 2977 2978 2979 2980 2981 3816 4267 4268 4269 4270 4271 4272 5218 5219 5220 5222 5223 
	}
}
hormuz_node={
	location=431
	color={
		201 203 205 
	}
	outgoing={
		name="caucasus_node"
		path={
			430 3829 2228 2726 413 2227 1315 463 1318 4103 419 3804 423 
		}
		control={
			3509.000000 1437.000000 3510.000000 1440.000000 3513.000000 1442.000000 3510.000000 1444.000000 3507.000000 1452.000000 3495.000000 1457.000000 3487.000000 1468.000000 3488.000000 1479.000000 3482.000000 1497.000000 3460.000000 1521.000000 3449.000000 1528.000000 3435.000000 1544.000000 3428.000000 1561.000000 3406.000000 1573.000000 3392.000000 1582.000000 3382.000000 1600.000000 3373.000000 1617.000000 3358.000000 1629.000000 3365.000000 1639.000000 3378.000000 1649.000000 3379.000000 1663.000000 3369.000000 1674.000000 3358.000000 1675.000000 3343.000000 1682.000000 3338.000000 1689.000000 3328.000000 1693.000000 
		}
	}
	outgoing={
		name="baghdad_node"
		path={
			1928 1929 398 415 410 
		}
		control={
			3506.000000 1428.000000 3492.000000 1422.000000 3426.000000 1446.000000 3397.000000 1484.000000 3391.000000 1492.000000 3386.000000 1494.000000 3378.000000 1500.000000 3374.000000 1499.000000 3369.000000 1502.000000 3364.000000 1501.000000 3354.000000 1505.000000 3348.000000 1506.000000 3335.000000 1513.000000 3333.000000 1516.000000 3333.000000 1519.000000 3330.000000 1524.000000 
		}
	}
	members={
		430 431 468 2228 2229 2235 2725 3828 3829 3830 3832 3833 435 464 3831 3827 429 3836 390 3079 2225 3082 414 3080 3081 2724 2726 413 400 401 403 3068 2538 466 3069 2539 467 395 396 397 394 3070 2652 469 2470 3078 1314 1315 2227 412 3825 2559 
	}
}
baghdad_node={
	location=410
	color={
		147 112 219 
	}
	outgoing={
		name="aegean_node"
		path={
			3900 1319 377 332 1911 1913 1914 
		}
		control={
			3334.000000 1538.000000 3330.000000 1544.000000 3332.000000 1548.000000 3331.000000 1553.000000 3326.000000 1555.000000 3319.000000 1565.000000 3317.000000 1570.000000 3317.000000 1572.000000 3315.000000 1575.000000 3313.000000 1582.000000 3314.000000 1589.000000 3305.000000 1597.000000 3306.000000 1601.000000 3302.000000 1602.000000 3296.000000 1612.000000 3292.000000 1612.000000 3290.000000 1618.000000 3281.000000 1618.000000 3277.000000 1620.000000 3274.000000 1619.000000 3267.000000 1621.000000 3265.000000 1623.000000 3250.000000 1625.000000 3243.000000 1629.000000 3236.000000 1633.000000 3243.000000 1639.000000 3236.000000 1647.000000 3214.000000 1653.000000 3204.000000 1648.000000 3198.000000 1642.000000 3195.000000 1642.000000 3180.000000 1636.000000 3162.000000 1643.000000 3142.000000 1643.000000 3137.000000 1648.000000 3137.000000 1654.000000 3132.000000 1659.000000 3124.000000 1660.000000 3112.000000 1660.000000 3107.000000 1664.000000 3109.000000 1668.000000 3113.000000 1672.000000 3115.000000 1680.000000 3099.000000 1682.000000 3093.000000 1681.000000 3090.000000 1675.000000 3084.000000 1675.000000 
		}
	}
	outgoing={
		name="caucasus_node"
		path={
			1314 416 
		}
		control={
			3334.000000 1538.000000 3330.000000 1544.000000 3332.000000 1548.000000 3331.000000 1553.000000 3326.000000 1555.000000 3319.000000 1565.000000 3317.000000 1570.000000 3317.000000 1572.000000 3316.000000 1576.000000 3320.000000 1578.000000 3329.000000 1585.000000 3338.000000 1586.000000 3340.000000 1591.000000 3347.000000 1588.000000 3350.000000 1595.000000 3342.000000 1615.000000 3339.000000 1631.000000 3349.000000 1639.000000 3356.000000 1638.000000 3365.000000 1639.000000 3371.000000 1644.000000 3378.000000 1649.000000 3379.000000 1663.000000 3369.000000 1674.000000 3358.000000 1675.000000 3343.000000 1682.000000 3338.000000 1689.000000 3328.000000 1693.000000 
		}
	}
	members={
		392 393 398 410 411 415 875 1320 1322 1329 1330 2230 2651 2654 2807 2809 3071 3072 3084 3085 3086 3087 3088 3089 3093 3826 3885 3900 3901 3902 321 332 377 364 378 379 382 1319 1327 1328 1331 1334 1440 1443 2224 2575 2634 2635 2636 2655 2750 2811 3091 3886 4057 4058 4059 1755 327 3392 4060 325 3391 
	}
}
caucasus_node={
	location=423
	color={
		123 24 159 
	}
	inland=yes
	outgoing={
		name="crimea_node"
		path={
			423 1301 1893 2573 
		}
		control={
			3320.000000 1699.000000 3307.000000 1699.000000 3291.000000 1694.000000 3273.000000 1702.000000 3229.000000 1734.000000 3223.000000 1742.000000 3210.000000 1746.000000 
		}
	}
	outgoing={
		name="moscow_node"
		path={
			423 1293 1310 1307 1292 295 
		}
		control={
			3329.000000 1724.000000 3370.000000 1749.000000 3385.000000 1771.000000 3384.000000 1784.000000 3369.000000 1794.000000 3356.000000 1809.000000 3346.000000 1813.000000 3333.000000 1815.000000 3340.000000 1828.000000 3348.000000 1844.000000 3354.000000 1848.000000 3351.000000 1855.000000 3356.000000 1859.000000 3352.000000 1866.000000 3364.000000 1877.000000 3366.000000 1874.000000 3374.000000 1879.000000 3380.000000 1881.000000 3384.000000 1881.000000 3388.000000 1885.000000 3391.000000 1892.000000 3396.000000 1897.000000 3394.000000 1901.000000 3400.000000 1903.000000 3403.000000 1904.000000 3407.000000 1904.000000 3411.000000 1902.000000 3415.000000 1903.000000 3420.000000 1903.000000 3418.000000 1908.000000 3404.000000 1909.000000 3401.000000 1919.000000 3395.000000 1924.000000 3396.000000 1929.000000 3401.000000 1932.000000 3401.000000 1939.000000 3405.000000 1940.000000 3408.000000 1942.000000 3404.000000 1947.000000 3403.000000 1950.000000 3403.000000 1955.000000 3391.000000 1956.000000 3382.000000 1962.000000 3371.000000 1962.000000 3365.000000 1966.000000 3356.000000 1963.000000 3349.000000 1962.000000 3346.000000 1961.000000 3343.000000 1962.000000 3337.000000 1961.000000 3331.000000 1961.000000 3325.000000 1966.000000 3321.000000 1963.000000 3318.000000 1963.000000 3313.000000 1962.000000 3309.000000 1963.000000 3309.000000 1959.000000 3302.000000 1957.000000 3294.000000 1951.000000 3294.000000 1947.000000 3290.000000 1943.000000 3288.000000 1935.000000 3284.000000 1935.000000 3280.000000 1938.000000 3277.000000 1933.000000 3278.000000 1929.000000 3274.000000 1926.000000 3270.000000 1927.000000 3266.000000 1926.000000 3264.000000 1928.000000 3257.000000 1932.000000 3258.000000 1935.000000 3255.000000 1937.000000 3251.000000 1936.000000 3247.000000 1941.000000 3243.000000 1940.000000 3240.000000 1945.000000 3236.000000 1946.000000 3233.000000 1948.000000 
		}
	}
	members={
		1009 995 3639 416 1316 1318 1321 419 423 2581 422 424 425 1303 1317 2576 2577 2578 2579 2656 3090 1445 3394 3395 418 1444 2551 3884 3803 3802 3801 3797 3804 3805 3806 3807 3808 3809 3810 3811 1301 3798 4027 4028 4029 4114 3823 463 2219 1442 303 
	}
}
moscow_node={
	location=295
	color={
		177 146 37 
	}
	inland=yes
	outgoing={
		name="baltic_node"
		path={
			295 787 
		}
		control={
			3222.000000 1954.000000 3213.000000 1953.000000 3199.000000 1949.000000 3177.000000 1962.000000 3166.000000 1967.000000 3168.000000 1970.000000 3158.000000 1976.000000 3136.000000 1995.000000 3134.000000 2006.000000 3128.000000 2012.000000 3118.000000 2030.000000 3106.000000 2040.000000 3057.000000 2044.000000 2981.000000 2022.000000 
		}
	}
	outgoing={
		name="kiev_node"
		path={
			1289 381 289 280 
		}
		control={
			3233.000000 1948.000000 3236.000000 1946.000000 3240.000000 1945.000000 3242.000000 1940.000000 3240.000000 1935.000000 3236.000000 1936.000000 3227.000000 1935.000000 3220.000000 1936.000000 3214.000000 1928.000000 3201.000000 1928.000000 3203.000000 1921.000000 3193.000000 1909.000000 3173.000000 1906.000000 3173.000000 1903.000000 3169.000000 1899.000000 3167.000000 1892.000000 3161.000000 1889.000000 3157.000000 1884.000000 3157.000000 1879.000000 3153.000000 1876.000000 3153.000000 1873.000000 3140.000000 1869.000000 3135.000000 1868.000000 3129.000000 1870.000000 3122.000000 1866.000000 3119.000000 1862.000000 3118.000000 1859.000000 3114.000000 1851.000000 3117.000000 1845.000000 
		}
	}
	members={
		295 301 304 306 307 1217 1286 1288 1290 1292 1294 1295 1296 1307 1308 1311 1343 1865 2437 2438 2439 2440 2547 2548 2582 3990 3987 3986 3985 3984 3988 3991 4016 4111 4112 1083 3287 2443 2444 4113 1297 1310 1304 1309 1293 4020 277 278 279 288 290 291 294 308 312 314 1291 2160 2441 2475 2546 2580 3983 3989 3992 3994 4023 292 4017 309 3982 
	}
}
kiev_node={
	location=280
	color={
		197 26 137 
	}
	inland=yes
	outgoing={
		name="krakow_node"
		path={
			261 1429 2535 262 
		}
		control={
			3116.000000 1846.000000 3113.000000 1855.000000 3113.000000 1859.000000 3113.000000 1864.000000 3104.000000 1870.000000 3096.000000 1879.000000 3086.000000 1882.000000 3080.000000 1880.000000 3077.000000 1882.000000 3072.000000 1880.000000 3064.000000 1882.000000 3047.000000 1881.000000 3040.000000 1878.000000 3023.000000 1876.000000 3003.000000 1861.000000 2988.000000 1859.000000 2978.000000 1855.000000 2967.000000 1848.000000 2959.000000 1845.000000 2953.000000 1843.000000 2950.000000 1843.000000 
		}
	}
	outgoing={
		name="crimea_node"
		path={
			280 2573 
		}
		control={
			3119.000000 1844.000000 3123.000000 1841.000000 3127.000000 1841.000000 3131.000000 1835.000000 3142.000000 1830.000000 3150.000000 1826.000000 3156.000000 1824.000000 3160.000000 1823.000000 3165.000000 1821.000000 3175.000000 1815.000000 3183.000000 1813.000000 3187.000000 1808.000000 3185.000000 1801.000000 3187.000000 1798.000000 3185.000000 1795.000000 3177.000000 1795.000000 3172.000000 1794.000000 3168.000000 1790.000000 3164.000000 1787.000000 3161.000000 1782.000000 3154.000000 1780.000000 3149.000000 1780.000000 3143.000000 1776.000000 3137.000000 1777.000000 3130.000000 1777.000000 3129.000000 1768.000000 3158.000000 1739.000000 3167.000000 1735.000000 3172.000000 1738.000000 3175.000000 1739.000000 3179.000000 1742.000000 3184.000000 1744.000000 3205.000000 1745.000000 
		}
	}
	members={
		261 272 275 276 280 289 293 296 297 298 299 305 311 381 1280 1287 1289 1305 1393 1394 1395 2836 2837 2839 2840 2848 3397 3398 3763 3764 4110 2545 2841 2842 3993 1194 4018 2583 3877 313 
	}
}
crimea_node={
	location=2573
	color={
		59 158 125 
	}
	outgoing={
		name="aegean_node"
		path={
			2573 1893 1916 1437 1402 
		}
		control={
			3205.000000 1745.000000 3184.000000 1744.000000 3179.000000 1742.000000 3175.000000 1739.000000 3170.000000 1736.000000 3158.000000 1713.000000 3143.000000 1691.000000 3107.000000 1687.000000 3093.000000 1681.000000 3090.000000 1675.000000 3084.000000 1675.000000 
		}
	}
	members={
		1427 159 160 282 284 285 286 287 302 999 1298 1299 1344 1431 2274 2380 2381 2573 300 1300 1302 1449 2549 328 330 1326 1437 1447 2574 3396 3877 3782 3794 3795 3796 3799 3800 3881 4019 4021 
	}
}
plains_node={
	location=896
	color={
		144 52 53 
	}
	outgoing={
		name="mississippi_node"
		path={
			3562 928 
		}
		control={
			1069.000000 1563.000000 1073.000000 1563.000000 1078.000000 1561.000000 1083.000000 1561.000000 1085.000000 1558.000000 1091.000000 1556.000000 1095.000000 1557.000000 1097.000000 1555.000000 1100.000000 1557.000000 1105.000000 1552.000000 1109.000000 1554.000000 1113.000000 1551.000000 1115.000000 1552.000000 1117.000000 1549.000000 1120.000000 1553.000000 1122.000000 1551.000000 1126.000000 1551.000000 1129.000000 1549.000000 1135.000000 1551.000000 1142.000000 1553.000000 1145.000000 1552.000000 1148.000000 1553.000000 1152.000000 1550.000000 1157.000000 1548.000000 1160.000000 1546.000000 1164.000000 1547.000000 1170.000000 1544.000000 1168.000000 1538.000000 1170.000000 1530.000000 1174.000000 1524.000000 1178.000000 1518.000000 1184.000000 1513.000000 1193.000000 1505.000000 1199.000000 1508.000000 1202.000000 1504.000000 1205.000000 1499.000000 1208.000000 1498.000000 1210.000000 1493.000000 1227.000000 1490.000000 1233.000000 1487.000000 
		}
	}
	members={
		858 1418 3552 892 3553 3551 3547 863 888 884 1419 1663 897 1461 3548 885 887 3549 886 893 919 896 3550 894 895 899 3559 900 3558 
	}
}
mississippi_node={
	location=928
	color={
		53 200 20 
	}
	outgoing={
		name="great_lakes_node"
		path={
			928 945 
		}
		control={
			1227.000000 1490.000000 1210.000000 1493.000000 1208.000000 1498.000000 1205.000000 1499.000000 1203.000000 1505.000000 1204.000000 1509.000000 1205.000000 1513.000000 1209.000000 1519.000000 1214.000000 1524.000000 1211.000000 1529.000000 1211.000000 1535.000000 1211.000000 1541.000000 1211.000000 1545.000000 1210.000000 1548.000000 1214.000000 1556.000000 1218.000000 1561.000000 1220.000000 1566.000000 1226.000000 1573.000000 1228.000000 1579.000000 1231.000000 1585.000000 1234.000000 1587.000000 1233.000000 1590.000000 1235.000000 1593.000000 1234.000000 1599.000000 1237.000000 1596.000000 1239.000000 1600.000000 1242.000000 1600.000000 1242.000000 1603.000000 1241.000000 1607.000000 1245.000000 1610.000000 1252.000000 1607.000000 1252.000000 1612.000000 1258.000000 1615.000000 1258.000000 1619.000000 1259.000000 1621.000000 1259.000000 1624.000000 1261.000000 1626.000000 1261.000000 1629.000000 1266.000000 1634.000000 1267.000000 1638.000000 1266.000000 1642.000000 1266.000000 1646.000000 1269.000000 1650.000000 1270.000000 1655.000000 1268.000000 1660.000000 1273.000000 1665.000000 1278.000000 1667.000000 1283.000000 1671.000000 1291.000000 1672.000000 1297.000000 1675.000000 1305.000000 1677.000000 1313.000000 1681.000000 1322.000000 1683.000000 1329.000000 1687.000000 1334.000000 1692.000000 1336.000000 1696.000000 
		}
	}
	outgoing={
		name="charleston_node"
		path={
			2181 1604 933 
		}
		control={
			1253.000000 1487.000000 1287.000000 1489.000000 1301.000000 1478.000000 1337.000000 1468.000000 1338.000000 1455.000000 1340.000000 1443.000000 1355.000000 1417.000000 1368.000000 1397.000000 1381.000000 1400.000000 1387.000000 1413.000000 1386.000000 1442.000000 1378.000000 1465.000000 1367.000000 1498.000000 1381.000000 1522.000000 
		}
	}
	outgoing={
		name="caribbean_node"
		path={
			1609 1607 1627 1628 492 
		}
		control={
			1253.000000 1487.000000 1287.000000 1489.000000 1301.000000 1478.000000 1337.000000 1468.000000 1338.000000 1455.000000 1340.000000 1443.000000 1355.000000 1413.000000 1349.000000 1395.000000 1341.030029 1371.930054 1328.000000 1376.000000 1309.000000 1340.000000 1391.000000 1325.000000 1420.000000 1314.000000 1437.000000 1315.000000 1444.000000 1321.000000 1453.000000 1312.000000 
		}
	}
	members={
		921 922 924 925 928 934 935 942 1454 1455 1457 1697 2173 2174 2181 3554 3555 3556 3557 3560 3561 3562 3563 3564 3587 3588 3589 3590 3591 3592 3593 3594 3595 3601 3602 3613 3615 5366 
	}
}
great_lakes_node={
	location=945
	color={
		99 167 248 
	}
	inland=yes
	outgoing={
		name="hudson_node"
		path={
			945 3655 
		}
		control={
			1345.000000 1705.000000 1347.000000 1712.000000 1347.000000 1737.000000 1359.000000 1758.000000 1364.000000 1767.000000 1378.000000 1823.000000 1392.000000 1849.000000 
		}
	}
	outgoing={
		name="quebec_node"
		path={
			945 3637 
		}
		control={
			1346.000000 1705.000000 1363.000000 1711.000000 1386.000000 1717.000000 1411.000000 1723.000000 1434.000000 1728.000000 1446.000000 1736.000000 1449.000000 1738.000000 1452.000000 1741.000000 1457.000000 1744.000000 1463.000000 1748.000000 1469.000000 1749.000000 1482.000000 1756.000000 1486.000000 1757.000000 1488.000000 1763.000000 1494.000000 1769.000000 1498.000000 1771.000000 1505.000000 1775.000000 1511.000000 1779.000000 1518.000000 1780.000000 
		}
	}
	outgoing={
		name="new_york_node"
		path={
			944 965 
		}
		control={
			1336.000000 1697.000000 1339.000000 1692.000000 1373.000000 1693.000000 1393.000000 1685.000000 1423.000000 1684.000000 1448.000000 1682.000000 1473.000000 1679.000000 1478.000000 1674.000000 1478.000000 1672.000000 1480.000000 1671.000000 
		}
	}
	members={
		911 949 3585 951 3586 3618 3617 956 2785 3584 945 3582 1462 920 958 944 1493 941 943 937 3581 957 947 3580 3579 948 3583 913 
	}
}
hudson_node={
	location=3655
	color={
		137 21 41 
	}
	outgoing={
		name="quebec_node"
		path={
			2063 2062 2061 1595 1592 
		}
		control={
			1381.859985 1904.599976 1389.000000 1938.000000 1408.000000 1963.000000 1405.000000 1987.000000 1402.000000 2015.000000 1401.000000 2058.000000 1414.000000 2098.000000 1474.000000 2100.000000 1553.000000 2064.000000 1625.000000 2057.000000 1640.000000 2039.000000 1660.000000 2012.000000 1681.000000 1991.000000 1689.000000 1964.000000 1715.000000 1946.000000 1733.000000 1941.000000 1766.000000 1911.000000 1768.000000 1883.000000 1755.000000 1874.000000 1732.000000 1859.000000 1697.000000 1843.000000 1665.150024 1841.180054 1632.000000 1843.000000 1596.000000 1834.000000 1565.000000 1819.000000 1548.000000 1805.000000 1534.000000 1788.000000 
		}
	}
	members={
		908 909 910 946 992 1001 1002 1004 1005 1007 1008 1010 1011 1517 2161 2168 2169 2196 3578 3653 3655 3656 3658 3659 3660 3661 3662 3663 
	}
}
quebec_node={
	location=3637
	color={
		51 42 174 
	}
	outgoing={
		name="north_sea_node"
		path={
			1592 1595 1598 1599 1600 2055 2054 2051 1864 1857 1856 45 
		}
		control={
			1534.000000 1788.000000 1548.000000 1805.000000 1565.000000 1819.000000 1596.000000 1834.000000 1632.000000 1843.000000 1665.000000 1841.000000 1697.000000 1843.000000 1732.000000 1859.000000 1769.000000 1877.000000 1904.000000 1920.000000 2052.000000 1978.000000 2148.000000 2018.000000 2224.000000 2053.000000 2282.000000 2087.000000 2320.000000 2111.000000 2350.000000 2111.000000 2378.000000 2119.000000 2403.000000 2129.000000 2417.000000 2136.000000 2431.000000 2149.000000 2510.000000 2128.000000 2540.000000 2090.000000 2588.000000 2056.000000 2613.000000 2041.000000 2613.000000 2027.000000 2667.000000 1990.000000 2736.000000 1955.000000 
		}
	}
	outgoing={
		name="new_york_node"
		path={
			1592 1593 1594 1601 
		}
		control={
			1518.000000 1780.000000 1511.000000 1779.000000 1502.000000 1773.000000 1494.000000 1769.000000 1492.000000 1764.000000 1490.000000 1756.000000 1488.000000 1734.000000 1484.000000 1723.000000 1481.000000 1717.000000 1485.000000 1715.000000 1483.000000 1707.000000 1481.000000 1697.000000 1479.000000 1694.000000 1479.000000 1691.000000 1480.000000 1689.000000 1479.000000 1684.000000 1481.000000 1679.000000 1478.000000 1672.000000 
		}
	}
	members={
		890 971 980 981 982 983 984 985 986 987 988 989 990 991 993 994 996 998 1000 1003 1489 2180 2182 2183 2198 2481 3632 3633 3634 3635 3636 3637 3638 3640 3641 3642 3643 3644 3645 3646 3647 3648 3649 3650 3651 3652 3695 1104 
	}
}
charleston_node={
	location=933
	color={
		224 120 62 
	}
	outgoing={
		name="new_york_node"
		path={
			1603 1602 965 
		}
		control={
			1391.000000 1530.000000 1415.000000 1546.000000 1445.000000 1564.000000 1457.000000 1575.000000 1453.000000 1604.000000 1463.000000 1624.000000 1469.000000 1639.000000 1479.000000 1652.000000 1481.000000 1661.000000 
		}
	}
	outgoing={
		name="caribbean_node"
		path={
			933 1673 1628 
		}
		control={
			1381.000000 1522.000000 1367.000000 1498.000000 1378.000000 1465.000000 1386.000000 1442.000000 1387.000000 1414.000000 1381.000000 1400.000000 1360.000000 1386.000000 1341.000000 1372.000000 1328.000000 1376.000000 1309.000000 1340.000000 1391.000000 1325.000000 1420.000000 1314.000000 1437.000000 1315.000000 1444.000000 1321.000000 1453.000000 1312.000000 
		}
	}
	members={
		904 953 950 930 931 932 933 1453 936 938 1451 2175 2176 3596 3599 3600 3603 3604 3605 3606 3607 3608 3609 3610 3611 3612 3614 923 926 3597 3696 927 3598 929 1456 
	}
}
chile_node={
	location=787
	color={
		162 140 124 
	}
	outgoing={
		name="upper_peru_node"
		path={
			787 3436 
		}
		control={
			1489.000000 417.000000 1509.000000 471.000000 1509.000000 520.000000 1523.000000 591.000000 1531.000000 678.000000 1528.000000 722.000000 
		}
	}
	outgoing={
		name="la_plata_node"
		path={
			787 3454 
		}
		control={
			1528.000000 436.000000 1572.000000 494.000000 1640.000000 451.000000 
		}
	}
	members={
		2349 787 2070 2346 3445 782 784 783 5508 
	}
}
upper_peru_node={
	location=3435
	color={
		235 195 0 
	}
	outgoing={
		name="la_plata_node"
		path={
			3435 3454 
		}
		control={
			1567.000000 729.000000 1589.000000 700.000000 1618.000000 675.000000 1624.000000 672.000000 1625.000000 674.000000 1627.000000 673.000000 1632.000000 673.000000 1634.000000 675.000000 1638.000000 671.000000 1648.000000 667.000000 1655.000000 656.000000 1662.000000 649.000000 1667.000000 641.000000 1673.000000 636.000000 1687.000000 627.000000 1701.000000 622.000000 1712.000000 615.000000 1726.000000 609.000000 1735.000000 601.000000 1726.000000 588.000000 1724.000000 579.000000 1719.000000 574.000000 1719.000000 571.000000 1715.000000 567.000000 1715.000000 559.000000 1712.000000 555.000000 1711.489990 547.989990 1709.000000 541.000000 1705.000000 539.000000 1703.000000 531.000000 1702.000000 519.000000 1703.000000 513.000000 1693.000000 500.000000 1688.000000 495.000000 1686.000000 485.000000 1689.000000 474.000000 1700.000000 465.000000 1706.000000 463.000000 1713.000000 456.000000 
		}
	}
	outgoing={
		name="lower_peru_node"
		path={
			3435 809 
		}
		control={
			1531.000000 760.000000 1492.000000 785.000000 1461.000000 806.000000 1436.000000 833.000000 1425.000000 854.000000 1418.000000 866.000000 
		}
	}
	members={
		800 1491 2066 2067 2068 2069 2338 2339 2340 2341 2342 2343 2344 2345 3420 3421 3422 3423 3424 3425 3426 3427 3428 3429 3430 3431 3432 3433 3434 3435 3436 3437 3438 3439 3440 3441 3442 3443 3444 
	}
}
la_plata_node={
	location=3454
	color={
		101 102 163 
	}
	outgoing={
		name="parana_node"
		path={
			1637 1636 761 
		}
		control={
			1736.000000 444.000000 1750.000000 440.000000 1762.000000 441.000000 1785.000000 437.000000 1821.469971 475.720001 1853.000000 514.000000 1880.000000 553.000000 1889.000000 602.000000 1936.000000 626.000000 1959.000000 635.000000 
		}
	}
	members={
		771 772 774 775 776 778 779 780 781 785 786 788 789 790 791 794 1095 1486 1487 1488 2609 3447 3449 3451 3452 3453 3454 3455 4080 2347 2348 2350 2351 
	}
}
parana_node={
	location=761
	color={
		60 90 255 
	}
	outgoing={
		name="brazil_node"
		path={
			1635 1634 1698 1699 2045 2758 1126 2876 
		}
		control={
			1964.000000 638.000000 1981.000000 640.000000 2000.000000 660.000000 2021.000000 697.000000 2035.000000 752.000000 2034.000000 789.000000 2064.000000 831.000000 2088.000000 859.000000 2096.000000 880.000000 
		}
	}
	members={
		757 761 762 763 764 765 766 767 768 769 770 3456 3457 3458 3462 3463 3464 3465 3466 3467 3468 3469 3471 3472 
	}
}
lower_peru_node={
	location=809
	color={
		124 140 162 
	}
	outgoing={
		name="cartagena_node"
		path={
			809 827 
		}
		control={
			1397.000000 871.000000 1364.000000 911.000000 1360.000000 935.000000 1365.000000 986.000000 1381.000000 1019.000000 1408.310059 1049.359985 1427.000000 1065.000000 1436.000000 1064.000000 1441.000000 1064.000000 1442.000000 1070.000000 1445.000000 1073.000000 1447.000000 1078.000000 1451.000000 1085.000000 1454.000000 1094.000000 1449.000000 1100.000000 1450.000000 1106.000000 1450.000000 1115.000000 1456.000000 1120.000000 1460.000000 1129.000000 1465.000000 1132.000000 1469.000000 1137.000000 1471.000000 1146.000000 1468.000000 1148.000000 1466.000000 1158.000000 1464.000000 1165.000000 1467.000000 1173.000000 
		}
	}
	members={
		798 804 806 807 808 809 811 812 813 814 815 816 818 819 820 3405 3406 3407 3408 3409 3410 3411 3412 3413 3414 3415 3416 3417 3418 3419 
	}
}
brazil_node={
	location=1485
	color={
		125 175 255 
	}
	outgoing={
		name="amazonas_node"
		path={
			1485 748 
		}
		control={
			2095.000000 906.000000 2082.000000 929.000000 2054.000000 939.000000 2029.000000 956.000000 2007.000000 967.000000 1971.000000 970.000000 1948.000000 981.000000 1924.000000 994.000000 1902.000000 1000.000000 1883.000000 1000.000000 1878.000000 991.000000 1875.000000 984.000000 
		}
	}
	outgoing={
		name="accra_node"
		path={
			1485 2876 
		}
		control={
			2164.000000 938.000000 2294.000000 994.000000 2407.000000 1030.000000 2499.000000 1055.000000 2564.000000 1068.000000 2625.000000 1076.000000 2638.000000 1086.000000 
		}
	}
	outgoing={
		name="sevilla_node"
		path={
			1485 2311 
		}
		control={
			2102.000000 898.000000 2137.000000 925.000000 2214.000000 991.000000 2278.000000 1055.000000 2314.000000 1100.000000 2341.000000 1141.000000 2357.000000 1166.000000 2370.000000 1196.000000 2373.000000 1205.000000 2360.669922 1211.579956 2353.000000 1230.000000 2350.000000 1251.000000 2349.000000 1273.000000 2349.000000 1313.000000 2358.000000 1351.000000 2371.000000 1378.000000 2385.000000 1406.000000 2395.000000 1426.000000 2399.000000 1440.000000 2396.000000 1450.000000 2411.000000 1465.000000 2428.000000 1489.000000 2467.000000 1534.000000 2496.000000 1569.000000 2519.000000 1593.000000 
		}
	}
	members={
		751 752 753 754 755 756 758 759 760 1485 3470 3473 3474 3475 3476 3477 3478 3479 3480 3481 3482 3483 3484 3485 3486 3487 
	}
}
accra_node={
	location=2876
	color={
		97 98 195 
	}
	outgoing={
		name="atlantic_node"
		path={
			2045 2046 2047 2048 2049 2050 1886 1885 1884 1754 
		}
		control={
			2637.000000 1084.000000 2617.000000 1075.000000 2521.000000 1069.000000 2457.000000 1100.000000 2441.000000 1113.000000 2437.000000 1123.000000 2428.000000 1123.000000 2406.000000 1150.000000 2373.000000 1190.000000 2373.000000 1205.000000 2359.000000 1214.000000 2350.000000 1251.000000 2353.000000 1335.000000 2396.000000 1429.000000 2396.000000 1450.000000 2411.000000 1465.000000 2425.000000 1494.000000 2483.000000 1613.000000 2490.000000 1633.000000 2482.000000 1636.000000 2488.000000 1671.000000 2489.000000 1724.000000 2541.000000 1744.000000 2560.000000 1768.000000 2555.000000 1799.000000 
		}
	}
	outgoing={
		name="sevilla_node"
		path={
			2045 2046 2047 2048 4305 2049 2050 1871 2311 
		}
		control={
			2637.000000 1084.000000 2617.000000 1075.000000 2521.000000 1069.000000 2457.000000 1100.000000 2441.000000 1113.000000 2437.000000 1123.000000 2428.000000 1123.000000 2406.000000 1150.000000 2373.000000 1190.000000 2373.000000 1205.000000 2359.000000 1214.000000 2350.000000 1251.000000 2353.000000 1335.000000 2396.000000 1429.000000 2396.000000 1450.000000 2411.000000 1465.000000 2428.000000 1489.000000 2467.000000 1534.000000 2496.000000 1569.000000 2519.000000 1593.000000 
		}
	}
	outgoing={
		name="north_sea_node"
		path={
			2045 2046 2047 2048 4305 2049 2050 1871 1886 1754 5504 1866 
		}
		control={
			2637.000000 1084.000000 2617.000000 1075.000000 2521.000000 1069.000000 2457.000000 1100.000000 2441.000000 1113.000000 2437.000000 1123.000000 2428.000000 1123.000000 2406.000000 1150.000000 2373.000000 1190.000000 2373.000000 1205.000000 2359.000000 1214.000000 2350.000000 1251.000000 2353.000000 1335.000000 2396.000000 1429.000000 2396.000000 1450.000000 2411.000000 1465.000000 2425.000000 1494.000000 2483.000000 1613.000000 2490.000000 1633.000000 2482.000000 1636.000000 2488.000000 1671.000000 2489.000000 1724.000000 2541.000000 1744.000000 2560.000000 1768.000000 2555.000000 1799.000000 2569.000000 1808.000000 2569.000000 1809.000000 2565.000000 1810.000000 2561.000000 1810.000000 2560.000000 1811.000000 2560.000000 1814.000000 2568.000000 1824.000000 2589.000000 1833.000000 2620.000000 1843.000000 2645.000000 1852.000000 2662.000000 1859.000000 2672.000000 1867.000000 2686.000000 1882.000000 2708.000000 1902.000000 2725.000000 1918.000000 2731.000000 1923.000000 2746.000000 1934.000000 2755.000000 1942.000000 
		}
	}
	members={
		1098 2520 1110 1112 1113 1114 1119 1120 1123 1125 1126 1128 1131 1134 1496 1499 1503 1549 1550 1552 1561 2218 2194 979 3671 2192 2758 2760 2767 2768 2769 2773 2776 2778 2786 2787 2788 2790 2871 2872 2873 2874 2875 2876 2877 2878 2880 2882 2883 2884 2885 2886 2887 2888 2889 2890 2891 2892 2893 2894 2964 1096 2870 345 1111 2912 2759 2762 2911 2770 2906 2966 4122 
	}
}
amazonas_node={
	location=748
	color={
		30 200 50 
	}
	outgoing={
		name="guyana_node"
		path={
			748 1490 
		}
		control={
			1875.000000 984.000000 1878.000000 991.000000 1881.000000 1002.000000 1871.000000 1010.000000 1859.000000 1017.000000 1857.000000 1036.000000 1848.000000 1044.000000 1837.000000 1074.000000 1793.000000 1102.000000 1753.000000 1104.000000 
		}
	}
	members={
		742 748 749 750 801 802 803 1484 2071 2072 2075 2076 2077 2079 2080 2081 2084 2087 2752 3459 3460 3461 3488 3489 3490 3491 2483 2487 2489 2495 4224 4225 4226 4227 
	}
}
guyana_node={
	location=1490
	color={
		38 140 59 
	}
	outgoing={
		name="cartagena_node"
		path={
			1490 827 
		}
		control={
			1732.000000 1115.000000 1709.000000 1137.000000 1690.000000 1145.000000 1686.000000 1157.000000 1684.000000 1178.000000 1670.000000 1192.000000 1626.000000 1195.000000 1552.000000 1205.000000 1511.000000 1203.000000 1472.000000 1188.000000 
		}
	}
	members={
		743 744 745 746 747 825 828 1479 1480 1482 1483 1490 3492 3493 3494 3495 3496 3497 2074 
	}
}
cartagena_node={
	location=827
	color={
		227 40 40 
	}
	outgoing={
		name="caribbean_node"
		path={
			827 2165 1621 1623 1625 
		}
		control={
			1457.000000 1197.000000 1454.000000 1236.000000 1459.000000 1287.000000 
		}
	}
	members={
		491 3506 741 826 827 829 830 831 832 833 835 1475 1477 1478 1481 2165 3498 3499 3500 3501 3502 3503 3504 3505 3507 5240 821 1476 824 796 797 3404 793 3403 795 3402 792 823 2065 
	}
}
caribbean_node={
	location=1618
	color={
		213 82 109 
	}
	outgoing={
		name="sevilla_node"
		path={
			1678 1679 1096 
		}
		control={
			1488.000000 1304.000000 1485.000000 1317.000000 1496.000000 1325.000000 1531.000000 1326.000000 1538.000000 1318.000000 1562.000000 1322.000000 1599.000000 1305.000000 1604.000000 1297.000000 1637.000000 1305.000000 1668.000000 1289.000000 1780.000000 1246.000000 2164.000000 1253.000000 2264.000000 1247.000000 2279.000000 1279.000000 2337.000000 1309.000000 2358.000000 1351.000000 2371.000000 1378.000000 2385.000000 1406.000000 2395.000000 1426.000000 2399.000000 1440.000000 2396.000000 1450.000000 2411.000000 1465.000000 2428.000000 1489.000000 2467.000000 1534.000000 2496.000000 1569.000000 2519.000000 1593.000000 
		}
	}
	outgoing={
		name="atlantic_node"
		path={
			1536 489 1628 1677 1685 1670 1666 1665 1883 1754 
		}
		control={
			1474.000000 1317.000000 1477.000000 1328.000000 1454.000000 1341.000000 1421.000000 1358.000000 1427.000000 1385.000000 1420.000000 1404.000000 1425.000000 1419.000000 1414.000000 1429.000000 1403.000000 1427.000000 1388.000000 1442.000000 1378.000000 1465.000000 1367.000000 1498.000000 1381.000000 1522.000000 1385.000000 1530.000000 1391.000000 1530.000000 1415.000000 1546.000000 1445.000000 1564.000000 1457.000000 1575.000000 1453.000000 1604.000000 1463.000000 1624.000000 1469.000000 1639.000000 1479.000000 1652.000000 1481.000000 1661.000000 1486.000000 1669.000000 1508.000000 1666.000000 1543.000000 1680.000000 1579.000000 1699.000000 1612.000000 1719.000000 1651.000000 1739.000000 1682.000000 1750.000000 1758.000000 1778.000000 1803.000000 1776.000000 1923.000000 1800.000000 2069.000000 1826.000000 2353.000000 1875.000000 2472.000000 1842.000000 2516.000000 1823.000000 2535.000000 1815.000000 2557.000000 1808.000000 
		}
	}
	outgoing={
		name="new_york_node"
		path={
			1618 1605 2197 
		}
		control={
			1474.000000 1317.000000 1477.000000 1328.000000 1454.000000 1341.000000 1421.000000 1358.000000 1427.000000 1385.000000 1420.000000 1404.000000 1425.000000 1419.000000 1414.000000 1429.000000 1403.000000 1427.000000 1388.000000 1442.000000 1378.000000 1465.000000 1367.000000 1498.000000 1381.000000 1522.000000 1385.000000 1530.000000 1391.000000 1530.000000 1415.000000 1546.000000 1445.000000 1564.000000 1457.000000 1575.000000 1453.000000 1604.000000 1463.000000 1624.000000 1469.000000 1639.000000 1479.000000 1652.000000 1481.000000 1661.000000 
		}
	}
	members={
		481 482 483 484 485 486 487 488 489 490 492 493 494 495 496 497 498 499 500 501 502 1536 1537 1538 1539 1540 2591 2592 2593 2594 2595 2596 3546  
	}
}
new_york_node={
	location=965
	color={
		49 107 158 
	}
	outgoing={
		name="atlantic_node"
		path={
			1594 1596 1883 1754 
		}
		control={
			1508.000000 1666.000000 1543.000000 1680.000000 1579.000000 1699.000000 1612.000000 1719.000000 1651.000000 1739.000000 1682.000000 1750.000000 1758.000000 1778.000000 1803.000000 1776.000000 1923.000000 1800.000000 2069.000000 1826.000000 2353.000000 1875.000000 2472.000000 1842.000000 2516.000000 1823.000000 2535.000000 1815.000000 2557.000000 1808.000000 
		}
	}
	outgoing={
		name="sevilla_node"
		path={
			1594 3632 981 369 3720 
		}
		control={
			1520.000000 1648.000000 1760.000000 1639.000000 2208.000000 1628.000000 2382.000000 1637.000000 2469.000000 1638.000000 2484.000000 1633.000000 2489.000000 1634.000000 2490.000000 1633.000000 2490.000000 1630.000000 2487.000000 1619.000000 2494.000000 1604.000000 2515.000000 1603.000000 
		}
	}
	outgoing={
		name="north_sea_node"
		path={
			1594 1596 1883 1754 
		}
		control={
			1508.000000 1666.000000 1543.000000 1680.000000 1579.000000 1699.000000 1612.000000 1719.000000 1651.000000 1739.000000 1682.000000 1750.000000 1758.000000 1778.000000 1801.000000 1777.000000 1913.000000 1807.000000 2064.000000 1874.000000 2277.000000 1945.000000 2416.000000 1988.000000 2541.000000 2022.000000 2592.000000 2034.000000 2667.000000 1990.000000 2736.000000 1955.000000 
		}
	}
	members={
		916 997 2197 939 940 952 954 955 959 960 961 962 963 964 965 966 967 968 969 970 1452 1458 1459 2177 2178 2179 2671 3616 3619 3620 3621 3622 3623 3624 3625 3626 3627 3628 3629 3630 3631 3691 
	}
}
krakow_node={
	location=262
	color={
		197 92 106 
	}
	outgoing={
		name="baltic_node"
		path={
			263 255 2398 43 1 
		}
		control={
			2953.000000 1843.000000 2959.000000 1845.000000 2967.000000 1848.000000 2977.000000 1854.000000 2977.000000 1865.000000 2979.000000 1868.000000 2974.000000 1873.000000 2969.000000 1878.000000 2967.000000 1883.000000 2963.000000 1886.000000 2959.000000 1886.000000 2953.000000 1884.000000 2934.000000 1891.000000 2927.000000 1897.000000 2921.000000 1900.000000 2925.000000 1903.000000 2930.000000 1906.000000 2931.000000 1914.000000 2933.000000 1929.000000 2944.000000 1958.000000 2947.000000 1988.000000 2936.000000 2015.000000 
		}
	}
	outgoing={
		name="ostmark_node"
		path={
			2536 1406 1272 133 
		}
		control={
			2938.000000 1843.000000 2931.000000 1840.000000 2927.000000 1837.000000 2921.000000 1837.000000 2912.000000 1831.000000 2909.000000 1828.000000 2909.000000 1824.000000 2901.000000 1816.000000 2900.000000 1811.000000 2900.000000 1811.000000 
		}
	}
	members={
		254 255 256 257 258 259 260 262 263 269 271 283 1269 1278 1279 1281 1359 1429 1531 2236 2399 2400 2401 2506 2507 2535 2536 2537 2626 2814 2815 2816 2832 2833 2834 1400 1433 2379 2838 3756 3757 3758 3759 3760 3761 3762 3791 3792 3793 3999 4001 4026 2844 264 2847 2849 2850 48 4025 2845 43 2355 1844 1391 2398 42 4024 41 40 
	}
}
danube_node={
	location=2612
	color={
		125 125 125 
	}
	inland=yes
	outgoing={
		name="ostmark_node"
		path={
			1267 2436 
		}
		control={
			2953.000000 1747.000000 2953.000000 1751.000000 2950.000000 1751.000000 2947.000000 1753.000000 2940.000000 1753.000000 2933.000000 1754.000000 2934.000000 1757.000000 2932.000000 1759.000000 2932.000000 1762.000000 2929.000000 1766.000000 2932.000000 1771.000000 2933.000000 1784.000000 2932.000000 1790.000000 2935.000000 1798.000000 2929.000000 1801.000000 2925.000000 1799.000000 2912.000000 1800.000000 2905.000000 1806.000000 
		}
	}
	outgoing={
		name="aegean_node"
		path={
			2612 1402 
		}
		control={
			2959.000000 1743.000000 2965.000000 1742.000000 2969.000000 1745.000000 2973.000000 1744.000000 2982.000000 1740.000000 2986.000000 1742.000000 2991.000000 1742.000000 2992.000000 1740.000000 2988.000000 1737.000000 2997.000000 1731.000000 2994.000000 1729.000000 2996.000000 1726.000000 3005.000000 1727.000000 3013.000000 1725.000000 3023.000000 1725.000000 3036.000000 1724.000000 3049.000000 1731.000000 3062.000000 1733.000000 3074.000000 1736.000000 3073.000000 1743.000000 3076.000000 1748.000000 3075.000000 1755.000000 3084.000000 1754.000000 3095.000000 1756.000000 3106.000000 1751.000000 3089.000000 1721.000000 3081.000000 1701.000000 3087.000000 1691.000000 3092.000000 1684.000000 3090.000000 1675.000000 3084.000000 1675.000000 
		}
	}
	members={
		129 131 2389 152 2390 133 153 2124 1401 148 2137 1396 1392 2392 1767 1426 3776 2382 1450 139 2391 1268 3774 141 2612 3773 3775 1397 140 3777 156 2376 3787 1398 2377 161 3785 3786 3783 3784 2378 3779 157 150 1848 3781 1591 3780 1270 1859 1404 3788 1405 162 3790 158 2375 3789 1271 2275 1282 1273 
	}
}
aegean_node={
	location=1402
	color={
		250 170 120 
	}
	outgoing={
		name="venezia_node"
		path={
			2783 1906 1904 1902 
		}
		control={
			3072.000000 1672.000000 3067.000000 1671.000000 3063.000000 1668.000000 3058.000000 1667.000000 3054.000000 1666.000000 3050.000000 1662.000000 3047.000000 1659.000000 3044.000000 1657.000000 3032.000000 1646.000000 3033.000000 1617.000000 3030.000000 1613.000000 3025.000000 1605.000000 3015.000000 1595.000000 2990.000000 1585.000000 2978.000000 1601.000000 2955.000000 1615.000000 2942.000000 1641.000000 2945.000000 1651.000000 2935.000000 1654.000000 2930.000000 1681.000000 2930.000000 1698.000000 2911.000000 1694.000000 2872.000000 1715.000000 2841.000000 1750.000000 
		}
	}
	outgoing={
		name="genoa_node"
		path={
			2783 1906 1901 1898 1897 1892 
		}
		control={
			3072.000000 1672.000000 3067.000000 1671.000000 3063.000000 1668.000000 3058.000000 1667.000000 3054.000000 1666.000000 3050.000000 1662.000000 3047.000000 1659.000000 3044.000000 1657.000000 3032.000000 1646.000000 3033.000000 1617.000000 3030.000000 1613.000000 3025.000000 1605.000000 3015.000000 1595.000000 2982.000000 1584.000000 2913.000000 1599.000000 2880.000000 1620.000000 2879.000000 1622.000000 2880.000000 1625.000000 2872.000000 1648.000000 2832.000000 1670.000000 2791.000000 1708.000000 
		}
	}
	members={
		1424 2373 2374 3778 805 144 142 146 3872 3385 149 147 154 1399 1436 1425 3873 145 3383 3384 3874 164 1434 2387 3871 155 320 2572 1435 3875 2501 3876 151 1402 2238 3386 3387 1446 3388 2552 3878 323 2553 324 4062 326 322 4063 3879 2540 329 331 2542 4061 316 2541 4067 4064 319 3389 4066 1438 1439 3390 4065 1325 318 317 1333 3393 1441 3883 3882 2664 
	}
}
ostmark_node={
	location=83
	color={
		221 223 225 
	}
	inland=yes
	outgoing={
		name="venezia_node"
		path={
			2436 135 83 132 128 1355 111 107 
		}
		control={
			2903.000000 1800.000000 2893.000000 1789.000000 2878.000000 1770.000000 2863.000000 1754.000000 2854.000000 1741.000000 2846.000000 1750.000000 2850.000000 1761.000000 2843.000000 1757.000000 
		}
	}
	outgoing={
		name="rhein_node"
		path={
			1510 134 1351 
		}
		control={
			2897.000000 1806.000000 2891.000000 1810.000000 2887.000000 1810.000000 2880.000000 1812.000000 2876.000000 1808.000000 2865.000000 1807.000000 2854.000000 1812.000000 2847.000000 1815.000000 2842.000000 1819.000000 2838.000000 1824.000000 2827.000000 1825.000000 2823.000000 1821.000000 2815.000000 1824.000000 2810.000000 1821.000000 2800.000000 1828.000000 2793.000000 1836.000000 2787.000000 1843.000000 2785.000000 1838.000000 2782.000000 1838.000000 2780.000000 1837.000000 2776.000000 1843.000000 2770.000000 1844.000000 2765.000000 1842.000000 2759.000000 1842.000000 2754.000000 1850.000000 
		}
	}
	outgoing={
		name="hansa_node"
		path={
			83 268 1350 45 
		}
		control={
			2901.000000 1816.000000 2897.000000 1822.000000 2893.000000 1819.000000 2884.000000 1822.000000 2880.000000 1819.000000 2876.000000 1822.000000 2868.000000 1823.000000 2865.000000 1831.000000 2861.000000 1828.000000 2858.000000 1833.000000 2862.000000 1838.000000 2861.000000 1842.000000 2862.000000 1844.000000 2861.000000 1847.000000 2862.000000 1850.000000 2856.000000 1853.000000 2859.000000 1858.000000 2847.000000 1865.000000 2842.000000 1870.000000 2834.000000 1878.000000 2824.000000 1879.000000 2818.000000 1883.000000 2823.000000 1890.000000 2822.000000 1898.000000 2808.000000 1902.000000 2799.000000 1907.000000 2799.000000 1911.000000 
		}
	}
	members={
		60 62 76 83 84 128 132 134 265 266 267 268 270 1277 1510 2383 2846 135 1267 1272 1274 1275 1276 2384 2436 2561 2633 2831 3747 3748 3749 3750 3751 3752 3753 3754 3755 3769 3770 4000 4002 3772 3771 1406 2625 73 2614 82 1509 3856 1361 1006 64 3858 3746 1351 65 3857 4011 
	}
}
sevilla_node={
	location=2311
	color={
		231 181 12 
	}
	outgoing={
		name="barcelona_node"
		path={
			2311 1889 
		}
		control={
			2532.000000 1598.000000 2538.000000 1591.000000 2559.000000 1587.000000 2607.310059 1599.520020 2646.000000 1628.000000 
		}
	}
	members={
		3370 1421 210 2514 2550 3357 2311 224 2310 3359 223 226 2314 1407 3360 227 3358 225 3356 218 3355 3346 228 3347 229 230 3348 1423 2309 231 2308 3865 182 2448 219 3362 368 367 366 2751 1508 1422 232 3349 2454 3351 143 206 3350 3864 2313 2566 209 198 3354 215 1409 217 3364 2312 208 3353 216 207 3352 
	}
}
barcelona_node={
	location=213
	color={
		166 68 72 
	}
	outgoing={
		name="genoa_node"
		path={
			1890 1891 1892 101 
		}
		control={
			2670.000000 1672.000000 2704.000000 1679.000000 2738.000000 1696.000000 2774.000000 1724.000000 
		}
	}
	outgoing={
		name="paris_node"
		path={
			1890 183 
		}
		control={
			2673.000000 1679.000000 2693.000000 1689.000000 2698.000000 1707.000000 2704.000000 1722.000000 2711.000000 1730.000000 2709.000000 1736.000000 2710.000000 1741.000000 2713.000000 1749.000000 2711.000000 1757.000000 2712.000000 1764.000000 2711.000000 1768.000000 2713.000000 1775.000000 2712.000000 1781.000000 2703.000000 1782.000000 2693.000000 1780.000000 2683.000000 1787.000000 2680.000000 1795.000000 2671.000000 1804.000000 
		}
	}
	members={
		1323 1385 196 3373 175 3371 179 2567 3365 181 197 212 213 214 220 222 333 1284 1375 1408 1420 1845 2358 2368 2369 2565 3366 3367 3368 221 2371 2473 3369 211 3862 3861 2361 3361 3363 201 3377 3860 1512 202 200 1383 2335 204 1382 205 2241 2242 127 2852 
	}
}
paris_node={
	location=183
	color={
		10 20 150 
	}
	inland=yes
	outgoing={
		name="atlantic_node"
		path={
			3375 167 5289 1754 
		}
		control={
			2672.000000 1819.000000 2671.000000 1823.000000 2667.000000 1823.000000 2663.000000 1823.000000 2656.000000 1827.000000 2653.000000 1829.000000 2652.000000 1832.000000 2649.000000 1831.000000 2647.000000 1833.000000 2645.000000 1831.000000 2643.000000 1833.000000 2639.000000 1832.000000 2634.000000 1832.000000 2618.000000 1841.000000 2589.000000 1833.000000 2568.000000 1824.000000 2560.000000 1814.000000 2561.000000 1810.000000 
		}
	}
	outgoing={
		name="rhein_node"
		path={
			186 93 
		}
		control={
			2680.000000 1812.000000 2684.000000 1813.000000 2688.000000 1813.000000 2695.000000 1814.000000 2701.000000 1808.000000 2706.000000 1805.000000 2721.000000 1807.000000 2729.000000 1817.000000 2730.000000 1823.000000 2734.000000 1831.000000 2737.000000 1836.000000 2744.000000 1840.000000 2749.000000 1845.000000 2755.000000 1849.000000 2750.000000 1853.000000 2747.000000 1855.000000 
		}
	}
	members={
		199 1384 357 194 173 180 178 3374 1386 177 195 2362 184 391 2356 183 1335 1387 4186 2354 186 2331 191 2365 2332 192 2366 4228 3376 187 190 193 203 976 2385 3372 188 189 2812 
	}
}
rhein_node={
	location=85
	color={
		93 78 117 
	}
	inland=yes
	outgoing={
		name="hansa_node"
		path={
			85 1357 44 
		}
		control={
			2744.000000 1862.000000 2741.000000 1866.000000 2740.000000 1871.000000 2732.000000 1878.000000 2716.000000 1877.000000 2708.000000 1877.000000 2703.000000 1878.000000 2701.000000 1890.000000 2708.000000 1902.000000 2722.000000 1912.000000 2741.000000 1916.000000 2743.000000 1909.000000 2754.000000 1918.000000 2767.000000 1915.000000 2769.000000 1905.000000 2771.000000 1919.000000 2778.000000 1916.000000 2784.000000 1913.000000 2787.000000 1909.000000 2795.000000 1909.000000 
		}
	}
	outgoing={
		name="north_sea_node"
		path={
			85 1357 3720 
		}
		control={
			2744.000000 1862.000000 2741.000000 1866.000000 2740.000000 1871.000000 2732.000000 1878.000000 2716.000000 1877.000000 2708.000000 1877.000000 2703.000000 1878.000000 2701.000000 1890.000000 2708.000000 1902.000000 2725.000000 1918.000000 2731.000000 1923.000000 2746.000000 1934.000000 2756.000000 1943.000000 
		}
	}
	members={
		56 58 69 74 75 78 79 85 86 973 1253 1349 1356 1362 1363 1365 1367 1368 1369 1370 2159 2187 2359 2616 2623 2637 2756 2757 3378 3654 3723 3725 3726 3730 3731 3732 3733 3812 4005 4006 4007 4009 4004 94 2795 2449 51 1511 93 2364 2451 2619 3855 3814 3854 2813 3736 3741 71 974 70 81 1360 1358 80 3379 3322 166 1254 1448 185 2334 4010 1374 165 1389 2622 77 2615 3734 1366 3735 3737 
	}
}
baltic_node={
	location=1
	color={
		75 75 175 
	}
	outgoing={
		name="north_sea_node"
		path={
			1 3720 
		}
		control={
			2924.000000 2016.000000 2912.000000 1985.000000 2892.000000 1955.000000 2873.000000 1948.000000 2856.000000 1941.000000 2836.000000 1947.000000 2834.000000 1960.000000 2827.000000 1967.000000 2811.000000 1996.000000 2802.780029 2005.599976 2802.000000 2029.000000 2803.000000 2033.000000 2803.000000 2039.000000 2802.000000 2031.000000 2793.000000 2010.000000 2771.000000 1989.000000 2757.000000 1965.000000 
		}
	}
	members={
		1 2 3 4 5 6 7 8 9 10 11 18 19 25 26 27 28 29 30 31 32 891 1257 1258 1259 1260 1261 1262 2327 2515 3997 39 1354 1432 1264 38 273 1430 3399 37 1263 3768 3767 36 3766 3980 274 310 3981 34 3765 3400 33 35 315 1265 3401 
	}
}
north_sea_node={
	location=3720
	color={
		50 50 0 
	}
	outgoing={
		name="hansa_node"
		path={
			2054 1857 
		}
		control={
			2757.000000 1963.000000 2762.000000 1975.000000 2771.000000 1987.000000 2787.000000 1995.000000 2802.000000 1996.000000 2805.000000 1983.000000 2809.000000 1969.000000 2806.000000 1952.000000 2808.000000 1942.000000 2807.000000 1934.000000 2815.000000 1928.000000 2806.000000 1919.000000 
		}
	}
	outgoing={
		name="atlantic_node"
		path={
			3720 236 
		}
		control={
			2755.000000 1942.000000 2744.000000 1933.000000 2731.000000 1923.000000 2725.000000 1918.000000 2704.000000 1899.000000 2686.000000 1882.000000 2672.000000 1867.000000 2662.000000 1859.000000 2642.000000 1851.000000 2613.000000 1841.000000 2589.000000 1833.000000 2568.000000 1824.000000 2560.000000 1814.000000 2560.000000 1811.000000 2561.000000 1810.000000 2569.000000 1809.000000 
		}
	}
	members={
		12 13 14 15 16 17 20 21 22 23 24 370 371 1250 1251 67 1255 1256 1266 1428 2754 2755 3720 3721 3998 369 1417 3338 3719 252 2512 253 3336 250 251 248 249 3005 3337 1416 246 238 245 5156 3324 243 100 1371 2450 244 409 1514 242 1412 3323 247 240 427 373 2529 3327 3328 3329 374 3330 375 3331 376 3333 3332 372 3334 3335 3863 
	}
}
genoa_node={
	location=101
	color={
		218 215 56 
	}
	members={
		68 101 102 103 104 115 116 117 118 1247 1346 1347 1376 1377 1379 1380 1390 1415 1513 2530 2563 2564 2611 2624 2851 3697 3698 3699 3703 3868 3869 3381 119 120 121 123 124 125 2531 2532 2534 2562 
	}
	end=yes
}
venezia_node={
	location=112
	color={
		208 104 44 
	}
	members={
		105 106 107 108 109 110 111 112 113 114 130 136 137 138 1345 1348 1355 1378 1403 1414 1858 2372 2388 2452 2453 2571 3382 3700 3701 3702 3866 3867 4034 3870 1285 2856 2533 2857 2858 122 2237 
	}
	end=yes
}
hansa_node={
	location=45
	color={
		193 178 117 
	}
	members={
		44 45 46 47 49 50 53 54 55 57 61 66 72 977 1252 1350 1352 1353 1357 1364 1373 2618 2620 2621 2835 2843 3724 3727 3728 3729 3739 3742 3745 3813 3817 3818 3819 3820 3821 3822 4003 4015 3853 3740 3852 3380 52 3738 3744 3850 3851 2617 59 3743 3815 3722 
	}
	end=yes
}
atlantic_node={
	location=170
	color={
		195 90 0 
	}
	members={
		1381 176 174 2239 172 2234 1388 170 171 88 89 87 90 2363 233 1411 3326 239 235 1410 234 237 3325 236 2386 3859 1283 63 2307 2240 168 2330 3375 167 2360 96 2370 95 97 98 99 1372 92 2367 91 2353 241 169 4008 2329 399 
	}
	end=yes
}
